  -1.035481210e+03   2.636461700e+03  -3.138510350e+03   2.669216500e+03  -1.754256490e+03   9.050615660e+02  -3.612164840e+02   1.065608860e+02  -2.099411980e+01   2.105318290e+00
  -7.816709630e+01   2.258281100e+02  -2.559288740e+02   2.083536860e+02  -1.316365470e+02   6.553745820e+01  -2.532985480e+01   7.259282830e+00  -1.393142180e+00   1.363454370e-01
  -5.889716260e+01   1.904235060e+02  -2.247781890e+02   1.897213350e+02  -1.238031880e+02   6.346618160e+01  -2.519227430e+01   7.399468530e+00  -1.453101130e+00   1.454217830e-01
  -5.304095840e+01   1.816710670e+02  -2.202390230e+02   1.914273850e+02  -1.287656840e+02   6.804250440e+01  -2.782416020e+01   8.412347360e+00  -1.699142030e+00   1.748202890e-01
  -4.824263840e-01   4.867413620e+01  -5.784542810e+01   4.955397810e+01  -3.290872700e+01   1.718629090e+01  -6.951496390e+00   2.080382710e+00  -4.162027630e-01   4.243954360e-02
  -8.293700420e+02   2.115423630e+03  -2.512607790e+03   2.131967230e+03  -1.398064650e+03   7.198420810e+02  -2.867905300e+02   8.448089630e+01  -1.662457280e+01   1.665672710e+00
  -6.542452340e+01   1.952705230e+02  -2.214670380e+02   1.803892160e+02  -1.140070940e+02   5.677284240e+01  -2.194524890e+01   6.289681730e+00  -1.207079550e+00   1.181329480e-01
  -4.817353790e+01   1.630252020e+02  -1.924841640e+02   1.625368390e+02  -1.061012120e+02   5.440274700e+01  -2.159619930e+01   6.343009860e+00  -1.245494370e+00   1.246245830e-01
  -4.184003150e+01   1.521911540e+02  -1.842376560e+02   1.599751890e+02  -1.075179430e+02   5.677267260e+01  -2.320048490e+01   7.010365050e+00  -1.415238850e+00   1.455434530e-01
   6.519257470e-01   4.502758840e+01  -5.340261770e+01   4.568154900e+01  -3.029843870e+01   1.580460230e+01  -6.385670050e+00   1.909092190e+00  -3.815647360e-01   3.887163170e-02
  -7.891984290e+02   2.018351140e+03  -2.401556490e+03   2.041035630e+03  -1.340309480e+03   6.908907420e+02  -2.754915660e+02   8.119851450e+01  -1.598316930e+01   1.601422620e+00
  -5.674629930e+01   1.743576480e+02  -1.978951690e+02   1.612965660e+02  -1.020018790e+02   5.082294680e+01  -1.965547680e+01   5.636074660e+00  -1.082112050e+00   1.059453970e-01
  -4.097091340e+01   1.445376290e+02  -1.706797450e+02   1.441843850e+02  -9.415882480e+01   4.829477450e+01  -1.917576000e+01   5.632818690e+00  -1.106093120e+00   1.106734770e-01
  -3.483740160e+01   1.336613460e+02  -1.616040260e+02   1.401951630e+02  -9.414984520e+01   4.967873480e+01  -2.028845400e+01   6.126856830e+00  -1.236213190e+00   1.270693820e-01
   1.333058180e+00   4.272198140e+01  -5.059424810e+01   4.323438990e+01  -2.864935050e+01   1.493195150e+01  -6.028406290e+00   1.800969590e+00  -3.597064530e-01   3.662071820e-02
  -6.822654400e+02   1.750568380e+03  -2.083812020e+03   1.771784580e+03  -1.164033480e+03   6.003027430e+02  -2.394787280e+02   7.061539100e+01  -1.390595100e+01   1.393874870e+00
  -4.646389960e+01   1.493453580e+02  -1.695274050e+02   1.381920000e+02  -8.739938360e+01   4.355150830e+01  -1.684490050e+01   4.830551260e+00  -9.275099970e-01   9.081268670e-02
  -3.302791080e+01   1.240470040e+02  -1.464944980e+02   1.238249980e+02  -8.091662830e+01   4.152862620e+01  -1.649813820e+01   4.848427820e+00  -9.523959520e-01   9.531931210e-02
  -2.764023140e+01   1.144946470e+02  -1.381920160e+02   1.197331830e+02  -8.031891580e+01   4.233779960e+01  -1.727433430e+01   5.212130120e+00  -1.050806160e+00   1.079304900e-01
   2.007459510e+00   4.029543010e+01  -4.763921070e+01   4.066005380e+01  -2.691500360e+01   1.401442260e+01  -5.652866820e+00   1.687345100e+00  -3.367416800e-01   3.425644740e-02
  -9.422954630e+02   2.401614280e+03  -2.858337470e+03   2.430747750e+03  -1.597536600e+03   8.242612390e+02  -3.290076120e+02   9.707478510e+01  -1.912896710e+01   1.918707310e+00
  -7.083968960e+01   2.078747150e+02  -2.352847000e+02   1.913958840e+02  -1.208581850e+02   6.014855680e+01  -2.324060440e+01   6.659106740e+00  -1.277746580e+00   1.250347150e-01
  -5.432383030e+01   1.787259820e+02  -2.108266980e+02   1.778452010e+02  -1.159907710e+02   5.942998080e+01  -2.357808410e+01   6.921928840e+00  -1.358677470e+00   1.359103620e-01
  -4.996854020e+01   1.735931150e+02  -2.103601570e+02   1.827823160e+02  -1.229146090e+02   6.493299140e+01  -2.654583590e+01   8.023938310e+00  -1.620325300e+00   1.666754630e-01
  -2.123756880e-01   4.779570600e+01  -5.677483040e+01   4.862047790e+01  -3.227923050e+01   1.685294530e+01  -6.814928160e+00   2.039022580e+00  -4.078355100e-01   4.157731080e-02
  -7.081724440e+02   1.812970970e+03  -2.157321380e+03   1.834632430e+03  -1.205783790e+03   6.221151020e+02  -2.483005710e+02   7.325372350e+01  -1.443304420e+01   1.447483300e+00
  -4.963622830e+01   1.559752020e+02  -1.756638460e+02   1.423998410e+02  -8.969978260e+01   4.456745410e+01  -1.720162100e+01   4.925546790e+00  -9.447986030e-01   9.244545160e-02
  -4.128281370e+01   1.453092820e+02  -1.712021710e+02   1.442930820e+02  -9.402169980e+01   4.812506230e+01  -1.907215240e+01   5.592667800e+00  -1.096464520e+00   1.095494590e-01
  -3.872424710e+01   1.439309640e+02  -1.741275210e+02   1.511181150e+02  -1.015157210e+02   5.357831120e+01  -2.188528260e+01   6.610112450e+00  -1.333883990e+00   1.371218850e-01
   8.878275420e-01   4.417020390e+01  -5.235786890e+01   4.477077530e+01  -2.968439820e+01   1.547951050e+01  -6.252511180e+00   1.868772800e+00  -3.734096350e-01   3.803142170e-02
  -5.537263340e+02   1.427329090e+03  -1.704260570e+03   1.457774010e+03  -9.656011700e+02   5.028329510e+02  -2.027496190e+02   6.045612810e+01  -1.204007440e+01   1.220253060e+00
  -3.848488670e+01   1.290344540e+02  -1.451649450e+02   1.174071050e+02  -7.372993480e+01   3.650433480e+01  -1.403658400e+01   4.003661590e+00  -7.649535610e-01   7.455565220e-02
  -3.175602010e+01   1.207581860e+02  -1.424503880e+02   1.202774620e+02  -7.851664030e+01   4.025679060e+01  -1.597780170e+01   4.691341990e+00  -9.207678540e-01   9.208092950e-02
  -2.786699690e+01   1.150788280e+02  -1.388986240e+02   1.203434650e+02  -8.072594790e+01   4.255074150e+01  -1.736044700e+01   5.237854190e+00  -1.055935910e+00   1.084511800e-01
   1.958074510e+00   4.042831780e+01  -4.780089570e+01   4.080076530e+01  -2.700969820e+01   1.406446250e+01  -5.673324270e+00   1.693527610e+00  -3.379897920e-01   3.438479480e-02
  -3.997524310e+02   1.036906750e+03  -1.231655380e+03   1.046357700e+03  -6.874352580e+02   3.547194350e+02  -1.416490400e+02   4.182288540e+01  -8.248659920e+00   8.282237370e-01
  -2.595419130e+01   9.835175940e+01  -1.104740420e+02   8.933824250e+01  -5.613814740e+01   2.782649710e+01  -1.071595530e+01   3.061815250e+00  -5.860875700e-01   5.723196750e-02
  -2.172067080e+01   9.466420090e+01  -1.114659420e+02   9.404222260e+01  -6.136271780e+01   3.145212410e+01  -1.248028910e+01   3.663636080e+00  -7.189089180e-01   7.187816210e-02
  -2.066125780e+01   9.564389170e+01  -1.151561260e+02   9.958841560e+01  -6.669308850e+01   3.510016400e+01  -1.430015070e+01   4.308724870e+00  -8.675241260e-01   8.899263950e-02
   2.558298970e+00   3.794662870e+01  -4.477929450e+01   3.816900030e+01  -2.523705600e+01   1.312688620e+01  -5.289666000e+00   1.577472480e+00  -3.145388780e-01   3.197099330e-02
  -3.210078380e+02   8.393619080e+02  -9.966860120e+02   8.465251040e+02  -5.560670620e+02   2.869074230e+02  -1.145602800e+02   3.382072250e+01  -6.669226960e+00   6.694736180e-01
  -1.908094310e+01   8.146974390e+01  -9.161655860e+01   7.411727570e+01  -4.656049050e+01   2.306434770e+01  -8.875033260e+00   2.533686070e+00  -4.845842440e-01   4.728071090e-02
  -1.468894220e+01   7.611847480e+01  -8.961598030e+01   7.569440050e+01  -4.946822340e+01   2.539938840e+01  -1.009640960e+01   2.969019520e+00  -5.835903110e-01   5.844322190e-02
  -1.430157130e+01   7.826824300e+01  -9.394959330e+01   8.107001350e+01  -5.418657160e+01   2.846761250e+01  -1.157898600e+01   3.483496940e+00  -7.003687980e-01   7.174840300e-02
   3.094308230e+00   3.550518220e+01  -4.180780560e+01   3.558196690e+01  -2.349531670e+01   1.220607420e+01  -4.913039980e+00   1.463596360e+00  -2.915386240e-01   2.960463440e-02
  -2.544858920e+02   6.734502290e+02  -8.008382750e+02   6.807399220e+02  -4.473155480e+02   2.307872160e+02  -9.212130590e+01   2.718108610e+01  -5.356025330e+00   5.371891710e-01
  -1.091473740e+01   6.099706610e+01  -6.879351100e+01   5.582349680e+01  -3.515167200e+01   1.744416690e+01  -6.721888940e+00   1.921250780e+00  -3.678342310e-01   3.592419010e-02
  -6.126540050e+00   5.313313990e+01  -6.232363890e+01   5.258232740e+01  -3.435661200e+01   1.764532180e+01  -7.018205750e+00   2.065418200e+00  -4.063428930e-01   4.073281700e-02
  -8.234257690e+00   6.115149000e+01  -7.306548090e+01   6.283844190e+01  -4.187697050e+01   2.194095920e+01  -8.901771730e+00   2.671720300e+00  -5.359572400e-01   5.478863550e-02
   3.464759180e+00   3.299268190e+01  -3.875068490e+01   3.292119940e+01  -2.170451550e+01   1.125963700e+01  -4.526060890e+00   1.346628190e+00  -2.679214760e-01   2.717558200e-02
  -1.481915540e+02   4.050157560e+02  -4.813226680e+02   4.087107840e+02  -2.682205080e+02   1.382039490e+02  -5.509759950e+01   1.623887180e+01  -3.196737290e+00   3.203507900e-01
  -1.823706510e+00   3.717655340e+01  -4.201782910e+01   3.427184460e+01  -2.169062510e+01   1.081155010e+01  -4.181229490e+00   1.198563970e+00  -2.300011810e-01   2.250352270e-02
   2.091295730e+00   3.001320540e+01  -3.477384540e+01   2.914982040e+01  -1.896131350e+01   9.705825710e+00  -3.850336160e+00   1.130804750e+00  -2.221059340e-01   2.223517610e-02
  -3.024715550e+00   4.527317930e+01  -5.370818480e+01   4.595463990e+01  -3.048768070e+01   1.590771750e+01  -6.429142490e+00   1.922620130e+00  -3.843653060e-01   3.916378340e-02
   3.461189000e+00   3.046819800e+01  -3.568003070e+01   3.024966780e+01  -1.990719100e+01   1.031014220e+01  -4.137991430e+00   1.229378410e+00  -2.442570360e-01   2.474263980e-02
  -9.602579390e+01   2.725394320e+02  -3.240382910e+02   2.752480660e+02  -1.806336860e+02   9.304958320e+01  -3.708080120e+01   1.092357040e+01  -2.149311070e+00   2.152802560e-01
   2.958112320e+00   2.378498620e+01  -2.672005920e+01   2.179278380e+01  -1.381567590e+01   6.902515570e+00  -2.676402550e+00   7.692292250e-01  -1.479947060e-01   1.451581940e-02
   5.148517700e+00   2.036752190e+01  -2.327443790e+01   1.935800350e+01  -1.251809060e+01   6.376920340e+00  -2.519419840e+00   7.373059450e-01  -1.443648280e-01   1.441209560e-02
  -1.157992310e+00   3.848212580e+01  -4.543620890e+01   3.874639420e+01  -2.562996270e+01   1.333698220e+01  -5.376600820e+00   1.604052970e+00  -3.199592460e-01   3.253148770e-02
   3.128531240e+00   2.930649000e+01  -3.426736790e+01   2.902099060e+01  -1.908083660e+01   9.873735400e+00  -3.959685110e+00   1.175523100e+00  -2.333909420e-01   2.362585140e-02
  -6.328244140e+01   1.886847980e+02  -2.242800860e+02   1.905487530e+02  -1.250624610e+02   6.441728600e+01  -2.566318320e+01   7.556625020e+00  -1.485971890e+00   1.487394130e-01
   5.420465880e+00   1.623591420e+01  -1.800460220e+01   1.460378510e+01  -9.229159590e+00   4.602034060e+00  -1.782190820e+00   5.118225870e-01  -9.842552630e-02   9.651560150e-03
   6.312239480e+00   1.582721460e+01  -1.786829580e+01   1.475909030e+01  -9.494199300e+00   4.815534900e+00  -1.895445340e+00   5.528816540e-01  -1.079375650e-01   1.074695770e-02
  -4.751931470e-01   3.507539070e+01  -4.128868980e+01   3.513427440e+01  -2.319716990e+01   1.205031810e+01  -4.850120580e+00   1.444802260e+00  -2.877820250e-01   2.921994500e-02
   2.716939260e+00   2.869948020e+01  -3.352933050e+01   2.837917240e+01  -1.864924690e+01   9.645845580e+00  -3.866589640e+00   1.147409330e+00  -2.277194990e-01   2.304304950e-02
  -3.000861840e+01   1.022763120e+02  -1.214920240e+02   1.033961540e+02  -6.803059000e+01   3.513861830e+01  -1.403855850e+01   4.145156500e+00  -8.172763980e-01   8.200916540e-02
   7.217176040e+00   9.197968740e+00  -9.871232740e+00   7.880902910e+00  -4.928591610e+00   2.438605320e+00  -9.386675160e-01   2.682562820e-01  -5.137845710e-02   5.021030050e-03
   6.894120790e+00   1.160422930e+01  -1.285029340e+01   1.049832560e+01  -6.697438420e+00   3.373685290e+00  -1.320062860e+00   3.830410420e-01  -7.443092260e-02   7.379392910e-03
  -2.395110670e-01   3.163868810e+01  -3.710649670e+01   3.149371390e+01  -2.074647360e+01   1.075486230e+01  -4.320321070e+00   1.284631030e+00  -2.554354890e-01   2.589267650e-02
   1.856131480e+00   2.806668710e+01  -3.276002330e+01   2.771023780e+01  -1.819947740e+01   9.408385880e+00  -3.769596910e+00   1.118122270e+00  -2.218120970e-01   2.243607450e-02
  -4.516686650e+02   1.168725040e+03  -1.390331720e+03   1.182512990e+03  -7.773745220e+02   4.011492710e+02  -1.601105100e+02   4.722857780e+01  -9.302596250e+00   9.325843740e-01
  -2.759686300e+01   1.022636390e+02  -1.146410760e+02   9.249917880e+01  -5.799416010e+01   2.868567110e+01  -1.102542670e+01   3.144773400e+00  -6.010475700e-01   5.861497640e-02
  -2.409900180e+01   1.008653760e+02  -1.188652880e+02   1.003360810e+02  -6.549457710e+01   3.358012450e+01  -1.332793990e+01   3.913246720e+00  -7.680156230e-01   7.679845400e-02
  -2.199820330e+01   9.928641650e+01  -1.196086980e+02   1.034836540e+02  -6.932896380e+01   3.650093080e+01  -1.487606220e+01   4.483748960e+00  -9.030519650e-01   9.266562700e-02
   2.466646820e+00   3.839159010e+01  -4.532107050e+01   3.864088910e+01  -2.555490840e+01   1.329500800e+01  -5.358464040e+00   1.598284320e+00  -3.187444150e-01   3.240388510e-02
  -4.475482900e+02   1.160225920e+03  -1.380961210e+03   1.174375040e+03  -7.718033720e+02   3.982014480e+02  -1.589346110e+02   4.689053130e+01  -9.239054990e+00   9.266019500e-01
  -2.654852350e+01   1.002853360e+02  -1.136199910e+02   9.248722670e+01  -5.841802700e+01   2.907853080e+01  -1.123743740e+01   3.220387310e+00  -6.180203810e-01   6.048435670e-02
  -1.811670950e+01   8.515774800e+01  -1.004353030e+02   8.493347150e+01  -5.556037680e+01   2.855164020e+01  -1.135804580e+01   3.342313250e+00  -6.573770230e-01   6.587083440e-02
  -1.606969810e+01   8.319499580e+01  -9.996742670e+01   8.633019720e+01  -5.774299700e+01   3.035592400e+01  -1.235467430e+01   3.719035340e+00  -7.481410160e-01   7.668330370e-02
   2.991316560e+00   3.615915030e+01  -4.260378680e+01   3.627499980e+01  -2.396193370e+01   1.245277790e+01  -5.013952140e+00   1.494110060e+00  -2.977020840e-01   3.023880020e-02
  -1.639191780e+03   4.153037490e+03  -4.946788280e+03   4.209131190e+03  -2.767414040e+03   1.428242080e+03  -5.701774510e+02   1.682442330e+02  -3.315317600e+01   3.325208180e+00
  -1.286324570e+02   3.470231930e+02  -3.936240980e+02   3.206925270e+02  -2.027460040e+02   1.010003920e+02  -3.905700060e+01   1.119877380e+01  -2.150121530e+00   2.105144970e-01
  -9.785409530e+01   2.892930780e+02  -3.416415240e+02   2.884317230e+02  -1.883017310e+02   9.658840020e+01  -3.836482200e+01   1.127560630e+01  -2.215537880e+00   2.218286890e-01
  -9.268191560e+01   2.851792510e+02  -3.465557170e+02   3.016704530e+02  -2.031478940e+02   1.074385750e+02  -4.396198850e+01   1.329752450e+01  -2.686683110e+00   2.764749060e-01
  -4.787029790e+00   6.153752830e+01  -7.352706110e+01   6.323135270e+01  -4.213457410e+01   2.207315220e+01  -8.954136360e+00   2.687045980e+00  -5.389624730e-01   5.509271840e-02
  -1.512170640e+03   3.834464300e+03  -4.567309860e+03   3.886245000e+03  -2.555150580e+03   1.318718710e+03  -5.264659670e+02   1.553499010e+02  -3.061301370e+01   3.070498750e+00
  -1.176567030e+02   3.208435160e+02  -3.639761350e+02   2.965571710e+02  -1.874922820e+02   9.340169900e+01  -3.611802820e+01   1.035581640e+01  -1.988211270e+00   1.946548190e-01
  -8.894033290e+01   2.667557810e+02  -3.150362190e+02   2.659835770e+02  -1.736506500e+02   8.907459490e+01  -3.538122540e+01   1.039915700e+01  -2.043452090e+00   2.046150720e-01
  -8.318033640e+01   2.604492950e+02  -3.163992830e+02   2.753777520e+02  -1.854287950e+02   9.806595140e+01  -4.012797860e+01   1.213857500e+01  -2.452746080e+00   2.524303430e-01
  -3.692363720e+00   5.836174640e+01  -6.965440080e+01   5.985261310e+01  -3.985477310e+01   2.086517150e+01  -8.458948280e+00   2.536991500e+00  -5.085894980e-01   5.196117990e-02
  -1.403091610e+03   3.560842310e+03  -4.241345600e+03   3.608852430e+03  -2.372764770e+03   1.224597800e+03  -4.888977280e+02   1.442671660e+02  -2.842974150e+01   2.851588240e+00
  -1.082376760e+02   2.983437740e+02  -3.384999610e+02   2.758254860e+02  -1.743957820e+02   8.688096190e+01  -3.359730130e+01   9.633195850e+00  -1.849484610e+00   1.810726300e-01
  -8.128517250e+01   2.473661610e+02  -2.921371050e+02   2.466550380e+02  -1.610296970e+02   8.259811880e+01  -3.280775830e+01   9.642624180e+00  -1.894800430e+00   1.897350260e-01
  -7.510883100e+01   2.394087410e+02  -2.907302830e+02   2.529843850e+02  -1.703271910e+02   9.007188080e+01  -3.685530010e+01   1.114849860e+01  -2.252730570e+00   2.318550220e-01
  -2.793250760e+00   5.571599650e+01  -6.642859820e+01   5.703872130e+01  -3.795644500e+01   1.985950080e+01  -8.046766550e+00   2.412111670e+00  -4.833164480e-01   4.935588350e-02
  -1.309227170e+03   3.325291030e+03  -3.960625210e+03   3.369850360e+03  -2.215541770e+03   1.143421770e+03  -4.564813130e+02   1.347002610e+02  -2.654441500e+01   2.662496790e+00
  -1.002086180e+02   2.791402320e+02  -3.167604980e+02   2.581393820e+02  -1.632265680e+02   8.132155540e+01  -3.144886600e+01   9.017488420e+00  -1.731317820e+00   1.695066820e-01
  -7.475509060e+01   2.307993120e+02  -2.725685590e+02   2.301358750e+02  -1.502411070e+02   7.706008850e+01  -3.060614670e+01   8.995029160e+00  -1.767471030e+00   1.769806790e-01
  -6.827698930e+01   2.215719500e+02  -2.689624430e+02   2.339857840e+02  -1.575081230e+02   8.328207620e+01  -3.407388800e+01   1.030649370e+01  -2.082514250e+00   2.143330810e-01
  -2.051947420e+00   5.350297270e+01  -6.373079020e+01   5.468578210e+01  -3.636935330e+01   1.901885400e+01  -7.702278330e+00   2.307758060e+00  -4.622008100e-01   4.717949310e-02
  -1.226307680e+03   3.117245990e+03  -3.712739230e+03   3.158818990e+03  -2.076710160e+03   1.071728900e+03  -4.278445040e+02   1.262461990e+02  -2.487783220e+01   2.495286690e+00
  -9.299035140e+01   2.618491060e+02  -2.971858520e+02   2.422169650e+02  -1.531736830e+02   7.631933340e+01  -2.951640800e+01   8.463872750e+00  -1.625106310e+00   1.591147190e-01
  -6.890892870e+01   2.159436540e+02  -2.550184570e+02   2.153195900e+02  -1.405636250e+02   7.209129900e+01  -2.863010280e+01   8.413490040e+00  -1.653059290e+00   1.655123750e-01
  -6.223653300e+01   2.057762270e+02  -2.496802070e+02   2.171503200e+02  -1.461435680e+02   7.725969750e+01  -3.160553740e+01   9.558844110e+00  -1.931285250e+00   1.987564430e-01
  -1.411236710e+00   5.156145410e+01  -6.136428140e+01   5.262209470e+01  -3.497757910e+01   1.828177620e+01  -7.400277690e+00   2.216288620e+00  -4.436949390e-01   4.527236320e-02
  -1.153338520e+03   2.934141720e+03  -3.494595240e+03   2.973135090e+03  -1.954569400e+03   1.008660370e+03  -4.026532990e+02   1.188091660e+02  -2.341163870e+01   2.348165860e+00
  -8.661270010e+01   2.465354600e+02  -2.798337040e+02   2.280924460e+02  -1.442509630e+02   7.187748860e+01  -2.779981100e+01   7.971950960e+00  -1.530707920e+00   1.498767780e-01
  -6.383017410e+01   2.030177110e+02  -2.397465940e+02   2.024270670e+02  -1.321430000e+02   6.776762660e+01  -2.691030920e+01   7.907201480e+00  -1.553407310e+00   1.555179410e-01
  -5.706399510e+01   1.922279860e+02  -2.331379790e+02   2.027029020e+02  -1.363875480e+02   7.208764120e+01  -2.948477840e+01   8.916182270e+00  -1.801230060e+00   1.853540590e-01
  -8.731298100e-01   4.990545170e+01  -5.934603720e+01   5.086234660e+01  -3.379095310e+01   1.765343400e+01  -7.142865450e+00   2.138334870e+00  -4.279256740e-01   4.364747130e-02
  -7.812787860e+02   1.997037380e+03  -2.377164320e+03   2.022775100e+03  -1.330673820e+03   6.874002070e+02  -2.747581960e+02   8.118903460e+01  -1.602326630e+01   1.609684420e+00
  -5.777989320e+01   1.761390540e+02  -1.990211120e+02   1.616567350e+02  -1.019453260e+02   5.067695520e+01  -1.956046650e+01   5.599356250e+00  -1.073482070e+00   1.049641620e-01
  -4.522720870e+01   1.554497290e+02  -1.833333140e+02   1.546543990e+02  -1.008609530e+02   5.167036190e+01  -2.049464000e+01   6.014825080e+00  -1.180194950e+00   1.180093850e-01
  -4.107819920e+01   1.501654390e+02  -1.817484620e+02   1.577841900e+02  -1.060253920e+02   5.597395540e+01  -2.286976540e+01   6.909139880e+00  -1.394545320e+00   1.433889410e-01
   6.784694530e-01   4.489731870e+01  -5.324368170e+01   4.554279600e+01  -3.020474750e+01   1.575491980e+01  -6.365286760e+00   1.902910210e+00  -3.803123090e-01   3.874238490e-02
  -5.814422270e+02   1.494862650e+03  -1.778854350e+03   1.513284520e+03  -9.950757620e+02   5.136670320e+02  -2.051081090e+02   6.053147520e+01  -1.192905090e+01   1.196503890e+00
  -3.919167380e+01   1.306715040e+02  -1.469384220e+02   1.188564700e+02  -7.468135630e+01   3.700727050e+01  -1.424551490e+01   4.068393990e+00  -7.784053500e-01   7.597993660e-02
  -3.289711760e+01   1.237114850e+02  -1.458674370e+02   1.230928560e+02  -8.030793580e+01   4.115223360e+01  -1.632467970e+01   4.790890740e+00  -9.398941540e-01   9.395605580e-02
  -2.947110660e+01   1.193565580e+02  -1.441204560e+02   1.249038480e+02  -8.380589530e+01   4.418402980e+01  -1.803045670e+01   5.441003720e+00  -1.097074710e+00   1.126938590e-01
   1.798242070e+00   4.100140260e+01  -4.849868480e+01   4.140854980e+01  -2.741908930e+01   1.428100230e+01  -5.761935450e+00   1.720332870e+00  -3.434063800e-01   3.494233580e-02
  -4.383936210e+02   1.133731520e+03  -1.348500200e+03   1.147079760e+03  -7.541489640e+02   3.892011990e+02  -1.553634570e+02   4.583679020e+01  -9.030342610e+00   9.054799020e-01
  -2.661076440e+01   9.916763350e+01  -1.104643220e+02   8.916759830e+01  -5.611314570e+01   2.789386730e+01  -1.077670560e+01   3.088690240e+00  -5.928307240e-01   5.801988950e-02
  -2.663493260e+01   1.075441270e+02  -1.256880400e+02   1.051641010e+02  -6.805239890e+01   3.460443510e+01  -1.362896970e+01   3.973212670e+00  -7.746833620e-01   7.699764270e-02
  -3.373097900e+01   1.305710360e+02  -1.577576190e+02   1.367579830e+02  -9.176964120e+01   4.838316780e+01  -1.974273580e+01   5.956961130e+00  -1.200894620e+00   1.233310200e-01
   1.174203060e+00   4.291907380e+01  -5.083308710e+01   4.344128140e+01  -2.878787800e+01   1.500476530e+01  -6.058011750e+00   1.809867150e+00  -3.614926110e-01   3.680335380e-02
  -4.011776094e+02   1.043040007e+03  -1.243463863e+03   1.060391748e+03  -6.993010976e+02   3.622523207e+02  -1.452546545e+02   4.307822726e+01  -8.536966942e+00   8.614794401e-01
  -2.170113300e+01   8.765982389e+01  -9.817505640e+01   7.954635542e+01  -5.015897685e+01   2.495671932e+01  -9.647700608e+00   2.768068337e+00  -5.325892561e-01   5.240669273e-02
  -1.790902606e+01   8.492240830e+01  -9.896011919e+01   8.268669230e+01  -5.347791602e+01   2.719675877e+01  -1.071961515e+01   3.129606199e+00  -6.116283900e-01   6.102185740e-02
  -2.714408177e+01   1.128518476e+02  -1.361091579e+02   1.178366695e+02  -7.898316123e+01   4.160087925e+01  -1.696129116e+01   5.114523577e+00  -1.030690791e+00   1.058583826e-01
   1.612354004e+00   4.098787271e+01  -4.848781333e+01   4.140621673e+01  -2.742392666e+01   1.428788979e+01  -5.766975040e+00   1.722699406e+00  -3.441013908e-01   3.504384291e-02
  -4.011969623e+02   1.043048796e+03  -1.243495312e+03   1.060446514e+03  -6.993551116e+02   3.622898392e+02  -1.452734955e+02   4.308483811e+01  -8.538445158e+00   8.616414811e-01
  -2.173380891e+01   8.772529509e+01  -9.823990778e+01   7.961774487e+01  -5.022147624e+01   2.499613587e+01  -9.665438364e+00   2.773622544e+00  -5.337014785e-01   5.251663561e-02
  -1.800731389e+01   8.518446943e+01  -9.921654273e+01   8.285377427e+01  -5.355383395e+01   2.721888170e+01  -1.072194618e+01   3.128480615e+00  -6.110693860e-01   6.093364888e-02
  -2.763636236e+01   1.141705184e+02  -1.377190500e+02   1.192428374e+02  -7.993301463e+01   4.210470003e+01  -1.716803278e+01   5.177235216e+00  -1.043398106e+00   1.071702005e-01
   1.565691038e+00   4.116341380e+01  -4.870161161e+01   4.159250486e+01  -2.754946123e+01   1.435432324e+01  -5.794177010e+00   1.730933996e+00  -3.457668034e-01   3.521545529e-02
  -2.190869148e+02   5.853185522e+02  -6.977949799e+02   5.946401594e+02  -3.918164610e+02   2.027985021e+02  -8.125311670e+01   2.407960221e+01  -4.768719614e+00   4.809210302e-01
  -6.499477532e+00   4.958792338e+01  -5.618992071e+01   4.583774199e+01  -2.900389290e+01   1.445656890e+01  -5.593973760e+00   1.605919173e+00  -3.091020400e-01   3.042321404e-02
  -1.155032074e+00   3.939399790e+01  -4.597983963e+01   3.871160890e+01  -2.526788192e+01   1.297333161e+01  -5.161461112e+00   1.520388982e+00  -2.996371427e-01   3.013059986e-02
  -4.976390174e+00   5.151226931e+01  -6.131948186e+01   5.260054357e+01  -3.497769773e+01   1.829118514e+01  -7.408706470e+00   2.220509371e+00  -4.449653493e-01   4.545964297e-02
   3.511249863e+00   3.158000281e+01  -3.703751667e+01   3.143694606e+01  -2.071136637e+01   1.073852841e+01  -4.314859544e+00   1.283478613e+00  -2.553434719e-01   2.590520091e-02
  -1.056467720e+03   2.692518763e+03  -3.211640771e+03   2.738534550e+03  -1.805552359e+03   9.350434179e+02  -3.748181335e+02   1.111270501e+02  -2.201613939e+01   2.221074363e+00
  -7.669547383e+01   2.220897407e+02  -2.515316476e+02   2.047342777e+02  -1.293751684e+02   6.445246152e+01  -2.494078912e+01   7.162667370e+00  -1.379428605e+00   1.358610058e-01
  -5.868449505e+01   1.898766772e+02  -2.240886800e+02   1.891248982e+02  -1.234235843e+02   6.328931529e+01  -2.513607821e+01   7.390092848e+00  -1.453611140e+00   1.458924585e-01
  -5.384611032e+01   1.837815034e+02  -2.228354662e+02   1.937220906e+02  -1.303413927e+02   6.889688478e+01  -2.818507607e+01   8.526106896e+00  -1.723416643e+00   1.775198449e-01
  -6.473643275e-01   4.913773102e+01  -5.841900187e+01   5.006457294e+01  -3.326217444e+01   1.737948115e+01  -7.033674271e+00   2.106399296e+00  -4.217521203e-01   4.305037145e-02
  -7.810188172e+02   1.997827537e+03  -2.380766656e+03   2.028686639e+03  -1.336827755e+03   6.920058111e+02  -2.773004517e+02   8.219408374e+01  -1.628137442e+01   1.642401125e+00
  -5.547238180e+01   1.703560146e+02  -1.922457628e+02   1.560472418e+02  -9.839384044e+01   4.893300138e+01  -1.890895562e+01   5.424309122e+00  -1.043697404e+00   1.027189562e-01
  -4.467320608e+01   1.540317994e+02  -1.816447163e+02   1.532306129e+02  -9.994475340e+01   5.121613736e+01  -2.032564237e+01   5.970840334e+00  -1.173419622e+00   1.176649821e-01
  -4.101695249e+01   1.499985662e+02  -1.815658887e+02   1.576520829e+02  -1.059613716e+02   5.595766445e+01  -2.287259325e+01   6.913836987e+00  -1.396568045e+00   1.437635530e-01
   6.269725331e-01   4.501378058e+01  -5.339349652e+01   4.568301579e+01  -3.030764061e+01   1.581489120e+01  -6.392608710e+00   1.912208080e+00  -3.824522649e-01   3.899812544e-02
  -8.091669787e+02   2.083279028e+03  -2.515606215e+03   2.180517048e+03  -1.465741711e+03   7.762029156e+02  -3.189257249e+02   9.682126155e+01  -1.947858775e+01   1.957394633e+00
  -1.408050420e+01   6.228756948e+01  -5.710209263e+01   3.488066465e+01  -1.433503257e+01   3.159413780e+00   3.578935766e-01  -5.647074863e-01   1.989238951e-01  -2.860516811e-02
  -4.892913402e+01   1.649531867e+02  -1.946786823e+02   1.643303247e+02  -1.072481232e+02   5.498996094e+01  -2.183527973e+01   6.417693310e+00  -1.261877109e+00   1.265968896e-01
  -4.371508049e+01   1.571307188e+02  -1.902887696e+02   1.652870221e+02  -1.111304046e+02   5.870592786e+01  -2.400307267e+01   7.257588755e+00  -1.466393903e+00   1.509896983e-01
   3.939667134e-01   4.581297943e+01  -5.436743125e+01   4.653217922e+01  -3.088026208e+01   1.611813894e+01  -6.516865425e+00   1.949849763e+00  -3.900704911e-01   3.978369304e-02
  -7.960603444e+02   2.036565984e+03  -2.426863681e+03   2.067539513e+03  -1.362146290e+03   7.049989431e+02  -2.824755238e+02   8.372140667e+01  -1.658285632e+01   1.672709032e+00
  -5.729009051e+01   1.753990844e+02  -1.987168940e+02   1.617457746e+02  -1.021901753e+02   5.089408438e+01  -1.968690710e+01   5.651486984e+00  -1.087922762e+00   1.071028281e-01
  -4.293029720e+01   1.495794765e+02  -1.766034590e+02   1.491639259e+02  -9.740773054e+01   4.997023161e+01  -1.985053235e+01   5.836352376e+00  -1.147883800e+00   1.151854653e-01
  -3.730086506e+01   1.401830845e+02  -1.695875066e+02   1.471952337e+02  -9.890252829e+01   5.221630673e+01  -2.133858018e+01   6.448920074e+00  -1.302446538e+00   1.340562392e-01
   1.031124403e+00   4.369208218e+01  -5.178345114e+01   4.427985670e+01  -2.936189033e+01   1.531428965e+01  -6.187588285e+00   1.850131416e+00  -3.698949786e-01   3.770390499e-02
  -6.307511406e+02   1.621707045e+03  -1.933742165e+03   1.648914659e+03  -1.087405698e+03   5.633277065e+02  -2.258965725e+02   6.699741271e+01  -1.327716102e+01   1.339749178e+00
  -4.185466279e+01   1.376398550e+02  -1.555520534e+02   1.263496559e+02  -7.968242942e+01   3.962207763e+01  -1.530557447e+01   4.388382039e+00  -8.438455251e-01   8.299129448e-02
  -3.226612763e+01   1.220841241e+02  -1.440981279e+02   1.217485506e+02  -7.953815813e+01   4.081838605e+01  -1.621951145e+01   4.769591571e+00  -9.381357085e-01   9.413499485e-02
  -2.792163354e+01   1.152263833e+02  -1.390975696e+02   1.205408346e+02  -8.088050430e+01   4.264729233e+01  -1.740776964e+01   5.255267186e+00  -1.060305156e+00   1.090306697e-01
   1.911044790e+00   4.055070933e+01  -4.795702444e+01   4.094536708e+01  -2.711456243e+01   1.412482689e+01  -5.700479276e+00   1.702652602e+00  -3.400637485e-01   3.462951145e-02
  -6.403074030e+02   1.644310930e+03  -1.958054921e+03   1.667090604e+03  -1.097732953e+03   5.679018683e+02  -2.274676120e+02   6.740100584e+01  -1.334786237e+01   1.346235059e+00
  -4.509484018e+01   1.457776767e+02  -1.651357443e+02   1.343907924e+02  -8.489050139e+01   4.226979880e+01  -1.634753683e+01   4.691859508e+00  -9.029878621e-01   8.887532067e-02
  -3.340650058e+01   1.250339099e+02  -1.476420268e+02   1.247864574e+02  -8.154928826e+01   4.186331911e+01  -1.663956590e+01   4.894470516e+00  -9.629532079e-01   9.664989458e-02
  -2.841676030e+01   1.165583227e+02  -1.407273074e+02   1.219682268e+02  -8.184765698e+01   4.316198220e+01  -1.761970023e+01   5.319781134e+00  -1.073425088e+00   1.103900983e-01
   1.876335856e+00   4.069952277e+01  -4.813831065e+01   4.110336761e+01  -2.722106486e+01   1.418120516e+01  -5.723571055e+00   1.709645106e+00  -3.414783924e-01   3.477532889e-02
  -6.265378201e+02   1.611487132e+03  -1.921073799e+03   1.637242516e+03  -1.079046585e+03   5.586765442e+02  -2.239270434e+02   6.639166737e+01  -1.315481057e+01   1.327364492e+00
  -4.150352042e+01   1.370892671e+02  -1.554088509e+02   1.265604975e+02  -7.999329618e+01   3.985410052e+01  -1.542154523e+01   4.428295500e+00  -8.526529601e-01   8.395649919e-02
  -3.012248926e+01   1.165260199e+02  -1.376045889e+02   1.163431422e+02  -7.606309836e+01   3.906339085e+01  -1.553282329e+01   4.570572201e+00  -8.995163013e-01   9.030817013e-02
  -2.546711657e+01   1.086618014e+02  -1.310817705e+02   1.135374717e+02  -7.614814240e+01   4.013612374e+01  -1.637684296e+01   4.942395592e+00  -9.968735346e-01   1.024786524e-01
   2.148047097e+00   3.967521327e+01  -4.689088476e+01   4.001656586e+01  -2.648877745e+01   1.379371741e+01  -5.564926492e+00   1.661625165e+00  -3.317675346e-01   3.377477245e-02
  -4.189114304e+02   1.088128562e+03  -1.297301753e+03   1.106147452e+03  -7.293105277e+02   3.776997116e+02  -1.514092485e+02   4.489235162e+01  -8.894395312e+00   8.973488341e-01
  -2.288491718e+01   9.075527590e+01  -1.019416772e+02   8.273330262e+01  -5.226211764e+01   2.606150356e+01  -1.010063222e+01   2.905756381e+00  -5.605292891e-01   5.528807442e-02
  -1.946339816e+01   8.884904485e+01  -1.041109540e+02   8.742773768e+01  -5.679566811e+01   2.899457380e+01  -1.146503023e+01   3.356139690e+00  -6.573202647e-01   6.569421357e-02
  -2.304621047e+01   1.019562690e+02  -1.228544630e+02   1.063079488e+02  -7.123180274e+01   3.750968239e+01  -1.529105455e+01   4.610529013e+00  -9.291068805e-01   9.542796026e-02
   2.183417168e+00   3.911218282e+01  -4.620455603e+01   3.941795666e+01  -2.608495896e+01   1.357977666e+01  -5.477226381e+00   1.635046198e+00  -3.263858910e-01   3.321958462e-02
  -1.015644639e+03   2.589441745e+03  -3.088177204e+03   2.632737611e+03  -1.735376958e+03   8.984537165e+02  -3.600453516e+02   1.067152553e+02  -2.113577648e+01   2.131629341e+00
  -7.323084456e+01   2.135722566e+02  -2.417347916e+02   1.967132902e+02  -1.243043414e+02   6.193340752e+01  -2.397066945e+01   6.885711674e+00  -1.326440080e+00   1.306779762e-01
  -5.665380128e+01   1.846759342e+02  -2.178491841e+02   1.837817553e+02  -1.198883000e+02   6.145267963e+01  -2.439760441e+01   7.170453444e+00  -1.409936999e+00   1.414640082e-01
  -5.280739187e+01   1.810508374e+02  -2.194931172e+02   1.907940058e+02  -1.283571463e+02   6.784089243e+01  -2.775028530e+01   8.393772695e+00  -1.696510879e+00   1.747328842e-01
  -5.629102399e-01   4.886017508e+01  -5.808061318e+01   4.976939035e+01  -3.306301834e+01   1.727395601e+01  -6.990411738e+00   2.093286556e+00  -4.190968529e-01   4.277642479e-02
  -6.975232869e+02   1.788307480e+03  -2.130043262e+03   1.813321139e+03  -1.193369188e+03   6.167929263e+02  -2.467316879e+02   7.299396299e+01  -1.442921888e+01   1.452348882e+00
  -4.782283146e+01   1.520962841e+02  -1.720076147e+02   1.399540832e+02  -8.845452091e+01   4.408689398e+01  -1.707016953e+01   4.905421567e+00  -9.453015929e-01   9.315850798e-02
  -3.689556270e+01   1.340421789e+02  -1.579486106e+02   1.331899882e+02  -8.684720317e+01   4.449155837e+01  -1.765164959e+01   5.183696443e+00  -1.018389199e+00   1.020841304e-01
  -3.471010223e+01   1.332807169e+02  -1.611337465e+02   1.397829687e+02  -9.387436786e+01   4.953726804e+01  -2.023412667e+01   6.112313751e+00  -1.233912450e+00   1.269468876e-01
   1.205229324e+00   4.300453568e+01  -5.094550596e+01   4.354918198e+01  -2.886910986e+01   1.505328960e+01  -6.080627924e+00   1.817724780e+00  -3.633353051e-01   3.702739084e-02
  -5.710417074e+02   1.472304941e+03  -1.755930807e+03   1.497137989e+03  -9.869926892e+02   5.110720817e+02  -2.048333451e+02   6.071744165e+01  -1.202637348e+01   1.212956342e+00
  -3.531740669e+01   1.217531955e+02  -1.377220302e+02   1.119921135e+02  -7.071143196e+01   3.520426157e+01  -1.361576318e+01   3.908598053e+00  -7.524616979e-01   7.408597133e-02
  -2.646977538e+01   1.070414319e+02  -1.262950443e+02   1.067249256e+02  -6.974632051e+01   3.580684930e+01  -1.423350135e+01   4.187044809e+00  -8.238127900e-01   8.268617136e-02
  -2.322914178e+01   1.026236190e+02  -1.237015898e+02   1.070818159e+02  -7.178007128e+01   3.781494222e+01  -1.542248488e+01   4.652314410e+00  -9.379696717e-01   9.638451390e-02
   2.326148015e+00   3.892565696e+01  -4.597804477e+01   3.922125076e+01  -2.595288073e+01   1.351014148e+01  -5.448821904e+00   1.626480505e+00  -3.246601559e-01   3.304244014e-02
  -4.688302531e+02   1.215268889e+03  -1.449593743e+03   1.236281948e+03  -8.153454652e+02   4.224020445e+02  -1.693909550e+02   5.024178867e+01  -9.957595668e+00   1.004921822e+00
  -2.695238268e+01   1.012269226e+02  -1.145599159e+02   9.318248912e+01  -5.883586432e+01   2.928911989e+01  -1.132659035e+01   3.251044393e+00  -6.257915544e-01   6.160559453e-02
  -1.911590446e+01   8.779489281e+01  -1.035581696e+02   8.757701330e+01  -5.729489735e+01   2.944998137e+01  -1.172104778e+01   3.452132104e+00  -6.800043041e-01   6.832719678e-02
  -1.703355124e+01   8.581810166e+01  -1.031808604e+02   8.915169568e+01  -5.966261914e+01   3.138378572e+01  -1.278165190e+01   3.850642118e+00  -7.753885926e-01   7.958534087e-02
   2.861312906e+00   3.664127474e+01  -4.319684047e+01   3.679890777e+01  -2.432123181e+01   1.264704375e+01  -5.095570613e+00   1.519590272e+00  -3.030512052e-01   3.081667726e-02
  -3.679990812e+02   9.598104402e+02  -1.142625027e+03   9.725958256e+02  -6.402767191e+02   3.311609301e+02  -1.326091685e+02   3.928262933e+01  -7.777096962e+00   7.841323578e-01
  -2.073578986e+01   8.579267063e+01  -9.708719449e+01   7.896648539e+01  -4.984722790e+01   2.480575930e+01  -9.589329850e+00   2.751502557e+00  -5.294875641e-01   5.211286164e-02
  -1.372038766e+01   7.353130210e+01  -8.664041143e+01   7.326919057e+01  -4.795208359e+01   2.466151071e+01  -9.821738022e+00   2.894802725e+00  -5.706405231e-01   5.738085345e-02
  -1.306329021e+01   7.486808557e+01  -8.981337653e+01   7.747450230e+01  -5.177268674e+01   2.719711952e+01  -1.106275845e+01   3.328912919e+00  -6.695925171e-01   6.865461130e-02
   3.162925843e+00   3.510038630e+01  -4.132123303e+01   3.516570161e+01  -2.322140883e+01   1.206541686e+01  -4.857581788e+00   1.447595633e+00  -2.885004133e-01   2.931829061e-02
  -4.183733103e+02   1.084010308e+03  -1.301312486e+03   1.120738479e+03  -7.482835437e+02   3.937950843e+02  -1.609770791e+02   4.893553228e+01  -1.001410825e+01   1.044715866e+00
   2.358265183e+02  -5.785993093e+02   7.191148746e+02  -6.306548003e+02   4.211927392e+02  -2.170058976e+02   8.469945304e+01  -2.381100155e+01   4.320488155e+00  -3.798072846e-01
  -5.405802858e+01   1.780460976e+02  -2.100129578e+02   1.771581280e+02  -1.155524940e+02   5.921904885e+01  -2.350519806e+01   6.906245918e+00  -1.357563509e+00   1.361633130e-01
  -5.008849776e+01   1.739069879e+02  -2.107702147e+02   1.831747027e+02  -1.232108070e+02   6.511168269e+01  -2.663067075e+01   8.054276842e+00  -1.627747709e+00   1.676376981e-01
  -2.791128145e-01   4.796464717e+01  -5.698923824e+01   4.881779291e+01  -3.242129924e+01   1.693410583e+01  -6.851153919e+00   2.051099827e+00  -4.105586744e-01   4.189599026e-02
  -3.664232908e+02   9.661329625e+02  -1.196430938e+03   1.092828067e+03  -7.987333512e+02   4.778904991e+02  -2.324190921e+02   8.790312133e+01  -2.314051920e+01   3.175297819e+00
  -4.102749485e+01   1.345026416e+02  -1.502350009e+02   1.206083325e+02  -7.512317058e+01   3.685778531e+01  -1.403273389e+01   3.960856518e+00  -7.488530438e-01   7.231031538e-02
  -3.669919573e+01   1.335359555e+02  -1.573229830e+02   1.326400918e+02  -8.647537139e+01   4.429496657e+01  -1.757149887e+01   5.159597657e+00  -1.013556761e+00   1.015909280e-01
  -3.480881830e+01   1.335396465e+02  -1.614479801e+02   1.400554471e+02  -9.405691738e+01   4.963323906e+01  -2.027314119e+01   6.124033775e+00  -1.236263651e+00   1.271871217e-01
   1.188514204e+00   4.305416545e+01  -5.100592812e+01   4.360180531e+01  -2.890455364e+01   1.507203680e+01  -6.088300073e+00   1.820046035e+00  -3.638045130e-01   3.707571371e-02
  -2.625302662e+03   6.855834598e+03  -8.573998849e+03   7.750708626e+03  -5.462916135e+03   3.041463194e+03  -1.314779977e+03   4.207034436e+02  -8.983735765e+01   9.737144742e+00
  -3.520553083e+01   1.214397830e+02  -1.372959478e+02   1.115897038e+02  -7.042176176e+01   3.504187305e+01  -1.354571590e+01   3.886348820e+00  -7.477537396e-01   7.357918447e-02
  -2.660364323e+01   1.073913635e+02  -1.266982270e+02   1.070557655e+02  -6.995598734e+01   3.591126839e+01  -1.427381498e+01   4.198581444e+00  -8.260248759e-01   8.290292061e-02
  -2.343501263e+01   1.031759118e+02  -1.243754168e+02   1.076699732e+02  -7.217709591e+01   3.802539307e+01  -1.550878881e+01   4.678477882e+00  -9.432682903e-01   9.693122764e-02
   2.304770559e+00   3.900496374e+01  -4.607459876e+01   3.930534504e+01  -2.600952412e+01   1.354010361e+01  -5.461084587e+00   1.630190966e+00  -3.254102412e-01   3.311969792e-02
  -4.205086200e+02   1.088575882e+03  -1.289636614e+03   1.090683766e+03  -7.123516802e+02   3.650266923e+02  -1.446257703e+02   4.233501638e+01  -8.271299993e+00   8.218479040e-01
  -2.809638043e+01   1.040934471e+02  -1.178928601e+02   9.595278472e+01  -6.061774631e+01   3.019035913e+01  -1.167987815e+01   3.353632183e+00  -6.457367780e-01   6.358619094e-02
  -1.971922001e+01   8.937936647e+01  -1.054478202e+02   8.918482843e+01  -5.835142702e+01   2.999495147e+01  -1.193857754e+01   3.516360293e+00  -6.926840042e-01   6.960381532e-02
  -1.740584407e+01   8.684066369e+01  -1.044294694e+02   9.024271041e+01  -6.039999518e+01   3.177517795e+01  -1.294239157e+01   3.899445541e+00  -7.852879273e-01   8.060843958e-02
   2.832759117e+00   3.678205543e+01  -4.336821764e+01   3.694815127e+01  -2.442174499e+01   1.270020455e+01  -5.117325178e+00   1.526172008e+00  -3.043815762e-01   3.095368824e-02
  -4.232777791e+02   1.100302878e+03  -1.311515259e+03   1.117352049e+03  -7.360119252e+02   3.808090761e+02  -1.525116197e+02   4.517702427e+01  -8.942572124e+00   9.013907137e-01
  -2.350886730e+01   9.278042787e+01  -1.052216082e+02   8.573792150e+01  -5.421127550e+01   2.701830613e+01  -1.045900924e+01   3.004773664e+00  -5.788759815e-01   5.703198719e-02
  -1.518727780e+01   7.741919489e+01  -9.128307963e+01   7.722515298e+01  -5.055543759e+01   2.600621905e+01  -1.035917490e+01   3.053668144e+00  -6.020346004e-01   6.054442500e-02
  -1.392100745e+01   7.726461423e+01  -9.273860211e+01   8.002952205e+01  -5.349885059e+01   2.811299902e+01  -1.143875956e+01   3.443033612e+00  -6.927332236e-01   7.104546212e-02
   3.105639931e+00   3.544430666e+01  -4.173981612e+01   3.553014349e+01  -2.346679749e+01   1.219517041e+01  -4.910667066e+00   1.463652500e+00  -2.917452360e-01   2.965238747e-02
  -3.696876482e+02   9.655378012e+02  -1.151152257e+03   9.809282470e+02  -6.462697814e+02   3.344397763e+02  -1.339672537e+02   3.969216638e+01  -7.858684959e+00   7.923400813e-01
  -1.866454368e+01   8.067440162e+01  -9.151609046e+01   7.460027103e+01  -4.717787130e+01   2.351376002e+01  -9.102131343e+00   2.614884964e+00  -5.037647353e-01   4.963412238e-02
  -1.087320663e+01   6.595901208e+01  -7.763769734e+01   6.564669443e+01  -4.297379907e+01   2.211138748e+01  -8.811352740e+00   2.598757708e+00  -5.126511411e-01   5.158818327e-02
  -1.136095964e+01   7.007565971e+01  -8.395094108e+01   7.234123943e+01  -4.829541805e+01   2.534705593e+01  -1.030113934e+01   3.097116836e+00  -6.224625816e-01   6.377216041e-02
   3.216853892e+00   3.454282044e+01  -4.064221539e+01   3.457410861e+01  -2.282278339e+01   1.185447834e+01  -4.771216197e+00   1.421452504e+00  -2.832133274e-01   2.877350513e-02
  -3.652143741e+02   9.535642133e+02  -1.135972300e+03   9.673443527e+02  -6.369675761e+02   3.294795269e+02  -1.319348617e+02   3.908002585e+01  -7.736118735e+00   7.798983229e-01
  -1.934129879e+01   8.235217561e+01  -9.334385535e+01   7.603056533e+01  -4.805116844e+01   2.393611262e+01  -9.261321541e+00   2.659509048e+00  -5.121638678e-01   5.044316057e-02
  -1.184650215e+01   6.854017830e+01  -8.072198623e+01   6.826651461e+01  -4.468794740e+01   2.299015823e+01  -9.159543951e+00   2.700726813e+00  -5.326071265e-01   5.357932047e-02
  -1.170806794e+01   7.108770673e+01  -8.519757290e+01   7.344146874e+01  -4.904700574e+01   2.575039206e+01  -1.046861795e+01   3.148523814e+00  -6.330025748e-01   6.487305824e-02
   3.249479432e+00   3.457425712e+01  -4.068083043e+01   3.460807724e+01  -2.284590603e+01   1.186684173e+01  -4.776331039e+00   1.423016761e+00  -2.835328900e-01   2.880676289e-02
  -1.201366277e+03   3.058384964e+03  -3.649253680e+03   3.112272181e+03  -2.052251991e+03   1.062938456e+03  -4.261407428e+02   1.263602905e+02  -2.503761056e+01   2.526259810e+00
  -8.780978441e+01   2.494009528e+02  -2.830930179e+02   2.307906814e+02  -1.460163414e+02   7.281083445e+01  -2.819602340e+01   8.102332020e+00  -1.561145629e+00   1.538192149e-01
  -6.500552749e+01   2.060254068e+02  -2.433408739e+02   2.055150361e+02  -1.342115518e+02   6.886812162e+01  -2.737013783e+01   8.052164707e+00  -1.584832604e+00   1.591581061e-01
  -5.840026788e+01   1.957309222e+02  -2.374440251e+02   2.065010708e+02  -1.389867278e+02   7.348955399e+01  -3.007248825e+01   9.099453228e+00  -1.839757405e+00   1.895464390e-01
  -1.072210563e+00   5.048137661e+01  -6.005694725e+01   5.149318620e+01  -3.422589683e+01   1.789003900e+01  -7.242955059e+00   2.169821016e+00  -4.345925366e-01   4.437490275e-02
  -1.042721689e+03   2.658351134e+03  -3.170510523e+03   2.702923645e+03  -1.781716089e+03   9.225398088e+02  -3.697552096e+02   1.096147271e+02  -2.171495631e+01   2.190588276e+00
  -7.595508302e+01   2.207038417e+02  -2.503583431e+02   2.039953152e+02  -1.290040907e+02   6.430176441e+01  -2.489196215e+01   7.150594450e+00  -1.377370128e+00   1.356766212e-01
  -5.643339442e+01   1.841609335e+02  -2.174749885e+02   1.836542192e+02  -1.199175710e+02   6.151967212e+01  -2.444278312e+01   7.188680290e+00  -1.414413126e+00   1.419965070e-01
  -5.010497737e+01   1.739593203e+02  -2.108508749e+02   1.832629522e+02  -1.232838979e+02   6.515811084e+01  -2.665299955e+01   8.062070072e+00  -1.629537336e+00   1.678445609e-01
  -2.293554055e-01   4.783767814e+01  -5.683476424e+01   4.868336648e+01  -3.233083962e+01   1.688630515e+01  -6.831611374e+00   2.045193161e+00  -4.093659716e-01   4.177328632e-02
  -9.989198591e+02   2.548825588e+03  -3.040377890e+03   2.592330841e+03  -1.709010374e+03   8.849811482e+02  -3.547320324e+02   1.051689975e+02  -2.083563991e+01   2.102009590e+00
  -7.158246347e+01   2.102164578e+02  -2.385329652e+02   1.944072231e+02  -1.229660677e+02   6.130309404e+01  -2.373483348e+01   6.819120558e+00  -1.313679677e+00   1.294170536e-01
  -5.276014928e+01   1.747770866e+02  -2.064029264e+02   1.743231755e+02  -1.138336684e+02   5.840032492e+01  -2.320313970e+01   6.823791537e+00  -1.342527694e+00   1.347685468e-01
  -4.634368583e+01   1.640635774e+02  -1.987638247e+02   1.727006010e+02  -1.161461475e+02   6.137071904e+01  -2.509836382e+01   7.590372754e+00  -1.533936177e+00   1.579736230e-01
   1.514338224e-01   4.661812754e+01  -5.534861015e+01   4.738765059e+01  -3.145713000e+01   1.642363095e+01  -6.642039623e+00   1.987768682e+00  -3.977446732e-01   4.057501373e-02
  -8.488982597e+02   2.170898461e+03  -2.589141441e+03   2.207615777e+03  -1.455546839e+03   7.538558664e+02  -3.022314835e+02   8.962238234e+01  -1.775925755e+01   1.792003994e+00
  -5.966322612e+01   1.811377034e+02  -2.052235341e+02   1.670554084e+02  -1.055570617e+02   5.257803772e+01  -2.034130878e+01   5.840257626e+00  -1.124442443e+00   1.107161580e-01
  -4.480042820e+01   1.543801862e+02  -1.822567838e+02   1.539156437e+02  -1.004962513e+02   5.154856473e+01  -2.047572350e+01   6.019811744e+00  -1.183925699e+00   1.188005138e-01
  -3.922068825e+01   1.452632306e+02  -1.757927256e+02   1.526182606e+02  -1.025678969e+02   5.416165829e+01  -2.213732955e+01   6.691351253e+00  -1.351599330e+00   1.391333798e-01
   8.412789311e-01   4.433239132e+01  -5.256351125e+01   4.495974086e+01  -2.982018635e+01   1.555689790e+01  -6.286958329e+00   1.880222122e+00  -3.759825749e-01   3.833139208e-02
  -6.191063067e+02   1.591001467e+03  -1.894776865e+03   1.613485899e+03  -1.062599360e+03   5.497840373e+02  -2.202205945e+02   6.525257094e+01  -1.292146578e+01   1.303075056e+00
  -4.290367785e+01   1.403047048e+02  -1.587420246e+02   1.290676242e+02  -8.146756616e+01   4.054104296e+01  -1.567125617e+01   4.495940352e+00  -8.649894661e-01   8.511114675e-02
  -3.243823539e+01   1.225299194e+02  -1.446382701e+02   1.222162145e+02  -7.985110194e+01   4.098278429e+01  -1.628632608e+01   4.789668809e+00  -9.421672652e-01   9.454764628e-02
  -2.797284375e+01   1.153648236e+02  -1.392668860e+02   1.206890524e+02  -8.098087670e+01   4.270067769e+01  -1.742973958e+01   5.261951439e+00  -1.061663787e+00   1.091713729e-01
   1.907402754e+00   4.056695971e+01  -4.797681807e+01   4.096261554e+01  -2.712618701e+01   1.413097941e+01  -5.702998813e+00   1.703415415e+00  -3.402180445e-01   3.464541299e-02
  -4.274407401e+02   1.105566202e+03  -1.314102678e+03   1.118018851e+03  -7.360413772e+02   3.808406725e+02  -1.526025709e+02   4.524415175e+01  -8.966551300e+00   9.051165204e-01
  -2.915392011e+01   1.057449538e+02  -1.183441999e+02   9.566228372e+01  -6.016102703e+01   2.985866116e+01  -1.151724504e+01   3.298110339e+00  -6.334925172e-01   6.223937063e-02
  -2.544922391e+01   1.045155085e+02  -1.223191732e+02   1.025611378e+02  -6.654167704e+01   3.393888755e+01  -1.341268704e+01   3.925374663e+00  -7.688441788e-01   7.686146989e-02
  -3.212704679e+01   1.262768282e+02  -1.525088790e+02   1.321716583e+02  -8.867440715e+01   4.674596551e+01  -1.907458826e+01   5.756197172e+00  -1.160847961e+00   1.193092922e-01
   1.194198283e+00   4.269735559e+01  -5.057006144e+01   4.322073292e+01  -2.864682208e+01   1.493512843e+01  -6.032026366e+00   1.802945400e+00  -3.603327365e-01   3.671659743e-02
  -4.017558412e+02   1.043391468e+03  -1.242913429e+03   1.059325104e+03  -6.982502393e+02   3.615293848e+02  -1.448916386e+02   4.294885280e+01  -8.507182378e+00   8.580876499e-01
  -2.269318955e+01   8.989169844e+01  -1.003426273e+02   8.106208618e+01  -5.098388964e+01   2.531010717e+01  -9.764545190e+00   2.796425312e+00  -5.371315365e-01   5.277066323e-02
  -2.032704453e+01   9.121733807e+01  -1.063880965e+02   8.892598968e+01  -5.752063539e+01   2.925186041e+01  -1.152798455e+01   3.364850210e+00  -6.574139001e-01   6.556792318e-02
  -2.908943363e+01   1.181068690e+02  -1.425361520e+02   1.234623387e+02  -8.279225629e+01   4.362639125e+01  -1.779462714e+01   5.367976857e+00  -1.082187249e+00   1.111891228e-01
   1.478054036e+00   4.159054830e+01  -4.922205125e+01   4.204619261e+01  -2.785534501e+01   1.451628390e+01  -5.860529379e+00   1.751031047e+00  -3.498335420e-01   3.563473818e-02
  -5.477931813e+02   1.412195970e+03  -1.682849573e+03   1.433685490e+03  -9.443769178e+02   4.886047146e+02  -1.956761314e+02   5.796072791e+01  -1.147251358e+01   1.156351239e+00
  -3.460808405e+01   1.197107515e+02  -1.351220152e+02   1.099238036e+02  -6.950243326e+01   3.465869079e+01  -1.342540026e+01   3.859093970e+00  -7.437495092e-01   7.329257068e-02
  -2.674613362e+01   1.078322305e+02  -1.266060116e+02   1.064607274e+02  -6.924681319e+01   3.539605043e+01  -1.401478024e+01   4.108122544e+00  -8.057290996e-01   8.064225797e-02
  -2.927319538e+01   1.187258241e+02  -1.433279035e+02   1.241919234e+02  -8.331377982e+01   4.391929507e+01  -1.792178029e+01   5.408714237e+00  -1.090889557e+00   1.121345965e-01
   1.612206469e+00   4.137353847e+01  -4.895835740e+01   4.181703815e+01  -2.770136637e+01   1.443504120e+01  -5.827365070e+00   1.741022438e+00  -3.478155948e-01   3.542744467e-02
   2.130534206e+03  -5.593171149e+03   7.143912938e+03  -6.605986839e+03   4.768304475e+03  -2.719171512e+03   1.201638201e+03  -3.908956706e+02   8.395233306e+01  -8.988270267e+00
  -5.883855226e+01   1.788099291e+02  -2.020727735e+02   1.640497877e+02  -1.033613855e+02   5.132780184e+01  -1.979378603e+01   5.663825946e+00  -1.086593656e+00   1.065875972e-01
  -4.563873266e+01   1.565288229e+02  -1.847727875e+02   1.560187402e+02  -1.018561944e+02   5.224029185e+01  -2.074857269e+01   6.099576975e+00  -1.199543064e+00   1.203621154e-01
  -4.022762807e+01   1.479241492e+02  -1.790420999e+02   1.554571100e+02  -1.044859250e+02   5.517921132e+01  -2.255494873e+01   6.818046862e+00  -1.377274793e+00   1.417841996e-01
   7.385046106e-01   4.467329412e+01  -5.297882359e+01   4.532172339e+01  -3.006419462e+01   1.568607022e+01  -6.339866705e+00   1.896243724e+00  -3.792239077e-01   3.866549972e-02
  -5.810690191e+02   1.498019736e+03  -1.787349777e+03   1.524601812e+03  -1.005547234e+03   5.209102094e+02  -2.088676900e+02   6.194016111e+01  -1.227386359e+01   1.238455369e+00
  -3.544662119e+01   1.220531036e+02  -1.380380713e+02   1.122405033e+02  -7.086718161e+01   3.528268109e+01  -1.364680257e+01   3.917786168e+00  -7.542942645e-01   7.427342916e-02
  -2.669594310e+01   1.076313618e+02  -1.269802842e+02   1.072916186e+02  -7.010806555e+01   3.598818527e+01  -1.430391382e+01   4.207295159e+00  -8.277121089e-01   8.306959620e-02
  -2.351697383e+01   1.033967781e+02  -1.246453919e+02   1.079061472e+02  -7.233691020e+01   3.811032415e+01  -1.554371063e+01   4.689093100e+00  -9.454239123e-01   9.715425395e-02
   2.298256118e+00   3.903211073e+01  -4.610766036e+01   3.933415098e+01  -2.602893470e+01   1.355037531e+01  -5.465290286e+00   1.631464070e+00  -3.256677134e-01   3.314622840e-02
