02300 00 -0
02300 05 -0
02300 10 -0
02300 15 -0
02300 20 -0
02300 25 -0
02300 30 -0
02300 35 -0
02300 40 -0
02300 45 -0
02300 50 -0
02300 55 -0
02300 60 -0
02400 00 -0
02400 05 -0
02400 10 -0
02400 15 -0
02400 20 -0
02400 25 -0
02400 30 -0
02400 35 -0
02400 40 -0
02400 45 -0
02400 50 -0
02400 55 -0
02400 60 -0
02500 00 -0
02500 05 -0
02500 10 -0
02500 15 -0
02500 20 -0
02500 25 -0
02500 30 -0
02500 35 -0
02500 40 -0
02500 45 -0
02500 50 -0
02500 55 -0
02500 60 -0
02600 00 -0
02600 05 -0
02600 10 -0
02600 15 -0
02600 20 -0
02600 25 -0
02600 30 -0
02600 35 -0
02600 40 -0
02600 45 -0
02600 50 -0
02600 55 -0
02600 60 -0
02700 00 -0
02700 05 -0
02700 10 -0
02700 15 -0
02700 20 -0
02700 25 -0
02700 30 -0
02700 35 -0
02700 40 -0
02700 45 -0
02700 50 -0
02700 55 -0
02700 60 -0
02800 00 -0
02800 05 -0
02800 10 -0
02800 15 -0
02800 20 -0
02800 25 -0
02800 30 -0
02800 35 -0
02800 40 -0
02800 45 -0
02800 50 -0
02800 55 -0
02900 00 -0
02900 05 -0
02900 10 -0
02900 15 -0
02900 20 -0
02900 25 -0
02900 30 -0
02900 35 -0
02900 40 -0
02900 45 -0
02900 50 -0
02900 55 -0
02900 60 -0
03000 00 -0
03000 05 -0
03000 10 -0
03000 15 -0
03000 20 -0
03000 25 -0
03000 30 -0
03000 35 -0
03000 40 -0
03000 45 -0
03000 55 -0
03000 60 -0
03100 00 -0
03100 05 -0
03100 10 -0
03100 15 -0
03100 20 -0
03100 25 -0
03100 30 -0
03100 35 -0
03100 40 -0
03100 45 -0
03100 50 -0
03100 55 -0
03100 60 -0
03200 00 -0
03200 05 -0
03200 10 -0
03200 15 -0
03200 20 -0
03200 25 -0
03200 30 -0
03200 35 -0
03200 40 -0
03200 45 -0
03200 50 -0
03200 55 -0
03200 60 -0
03300 00 -0
03300 05 -0
03300 10 -0
03300 15 -0
03300 20 -0
03300 25 -0
03300 30 -0
03300 35 -0
03300 40 -0
03300 45 -0
03300 50 -0
03300 55 -0
03300 60 -0
03400 00 -0
03400 05 -0
03400 10 -0
03400 15 -0
03400 20 -0
03400 25 -0
03400 30 -0
03400 35 -0
03400 40 -0
03400 45 -0
03400 50 -0
03400 55 -0
03400 60 -0
03500 00 -0
03500 05 -0
03500 10 -0
03500 15 -0
03500 20 -0
03500 25 -0
03500 30 -0
03500 35 -0
03500 40 -0
03500 45 -0
03500 50 -0
03500 55 -0
03500 60 -0
03600 00 -0
03600 05 -0
03600 10 -0
03600 15 -0
03600 20 -0
03600 25 -0
03600 30 -0
03600 35 -0
03600 40 -0
03600 45 -0
03600 50 -0
03600 55 -0
03600 60 -0
03700 00 -0
03700 05 -0
03700 10 -0
03700 15 -0
03700 20 -0
03700 25 -0
03700 30 -0
03700 35 -0
03700 40 -0
03700 45 -0
03700 50 -0
03700 55 -0
03700 60 -0
03800 00 -0
03800 05 -0
03800 10 -0
03800 15 -0
03800 20 -0
03800 25 -0
03800 30 -0
03800 35 -0
03800 40 -0
03800 45 -0
03800 50 -0
03800 55 -0
03800 60 -0
03900 00 -0
03900 05 -0
03900 10 -0
03900 15 -0
03900 20 -0
03900 25 -0
03900 30 -0
03900 35 -0
03900 40 -0
03900 45 -0
03900 50 -0
03900 55 -0
03900 60 -0
04000 00 -0
04000 05 -0
04000 10 -0
04000 15 -0
04000 20 -0
04000 25 -0
04000 30 -0
04000 35 -0
04000 40 -0
04000 45 -0
04000 50 -0
04000 55 -0
04000 60 -0
04100 00 -0
04100 05 -0
04100 10 -0
04100 15 -0
04100 20 -0
04100 25 -0
04100 30 -0
04100 35 -0
04100 40 -0
04100 45 -0
04100 50 -0
04100 55 -0
04100 60 -0
04200 00 -0
04200 05 -0
04200 10 -0
04200 15 -0
04200 20 -0
04200 25 -0
04200 30 -0
04200 35 -0
04200 40 -0
04200 45 -0
04200 50 -0
04200 55 -0
04200 60 -0
04300 00 -0
04300 05 -0
04300 10 -0
04300 15 -0
04300 20 -0
04300 25 -0
04300 30 -0
04300 35 -0
04300 40 -0
04300 45 -0
04300 50 -0
04300 55 -0
04300 60 -0
04400 00 -0
04400 05 -0
04400 10 -0
04400 15 -0
04400 20 -0
04400 25 -0
04400 30 -0
04400 35 -0
04400 40 -0
04400 45 -0
04400 50 -0
04400 55 -0
04400 60 -0
04500 00 -0
04500 05 -0
04500 10 -0
04500 15 -0
04500 20 -0
04500 25 -0
04500 30 -0
04500 35 -0
04500 40 -0
04500 45 -0
04500 50 -0
04500 55 -0
04500 60 -0
04600 00 -0
04600 05 -0
04600 10 -0
04600 15 -0
04600 20 -0
04600 25 -0
04600 30 -0
04600 35 -0
04600 40 -0
04600 45 -0
04600 50 -0
04600 55 -0
04600 60 -0
04700 00 -0
04700 05 -0
04700 10 -0
04700 15 -0
04700 20 -0
04700 25 -0
04700 30 -0
04700 35 -0
04700 40 -0
04700 45 -0
04700 50 -0
04700 55 -0
04700 60 -0
04800 00 -0
04800 05 -0
04800 10 -0
04800 15 -0
04800 20 -0
04800 25 -0
04800 30 -0
04800 35 -0
04800 40 -0
04800 45 -0
04800 50 -0
04800 55 -0
04800 60 -0
04900 00 -0
04900 05 -0
04900 10 -0
04900 15 -0
04900 20 -0
04900 25 -0
04900 30 -0
04900 35 -0
04900 40 -0
04900 45 -0
04900 50 -0
04900 55 -0
04900 60 -0
05100 00 -0
05100 05 -0
05100 10 -0
05100 15 -0
05100 20 -0
05100 25 -0
05100 30 -0
05100 35 -0
05100 40 -0
05100 45 -0
05100 50 -0
05100 55 -0
05100 60 -0
05200 00 -0
05200 05 -0
05200 10 -0
05200 15 -0
05200 20 -0
05200 25 -0
05200 30 -0
05200 35 -0
05200 40 -0
05200 45 -0
05200 50 -0
05200 55 -0
05200 60 -0
05300 05 -0
05300 10 -0
05300 15 -0
05300 20 -0
05300 25 -0
05300 30 -0
05300 35 -0
05300 40 -0
05300 45 -0
05300 50 -0
05300 55 -0
05300 60 -0
05400 00 -0
05400 05 -0
05400 10 -0
05400 15 -0
05400 20 -0
05400 25 -0
05400 30 -0
05400 35 -0
05400 40 -0
05400 45 -0
05400 50 -0
05400 55 -0
05400 60 -0
05500 00 -0
05500 05 -0
05500 10 -0
05500 15 -0
05500 20 -0
05500 25 -0
05500 30 -0
05500 35 -0
05500 40 -0
05500 45 -0
05500 50 -0
05500 55 -0
05500 60 -0
05600 05 -0
05600 10 -0
05600 15 -0
05600 20 -0
05600 25 -0
05600 30 -0
05600 35 -0
05600 40 -0
05600 45 -0
05600 50 -0
05600 55 -0
05600 60 -0
05700 05 -0
05700 10 -0
05700 15 -0
05700 20 -0
05700 25 -0
05700 30 -0
05700 35 -0
05700 40 -0
05700 45 -0
05700 50 -0
05700 55 -0
05700 60 -0
05800 05 -0
05800 10 -0
05800 15 -0
05800 20 -0
05800 25 -0
05800 30 -0
05800 35 -0
05800 40 -0
05800 45 -0
05800 50 -0
05800 55 -0
05800 60 -0
05900 05 -0
05900 10 -0
05900 15 -0
05900 20 -0
05900 25 -0
05900 30 -0
05900 35 -0
05900 40 -0
05900 45 -0
05900 50 -0
05900 55 -0
05900 60 -0
06000 10 -0
06000 15 -0
06000 20 -0
06000 25 -0
06000 30 -0
06000 35 -0
06000 40 -0
06000 45 -0
06000 50 -0
06000 55 -0
06000 60 -0
06100 10 -0
06100 15 -0
06100 20 -0
06100 25 -0
06100 30 -0
06100 35 -0
06100 40 -0
06100 45 -0
06100 50 -0
06100 55 -0
06100 60 -0
06200 10 -0
06200 15 -0
06200 20 -0
06200 25 -0
06200 30 -0
06200 35 -0
06200 40 -0
06200 45 -0
06200 50 -0
06200 55 -0
06200 60 -0
06300 10 -0
06300 15 -0
06300 20 -0
06300 25 -0
06300 30 -0
06300 35 -0
06300 40 -0
06300 45 -0
06300 50 -0
06300 55 -0
06300 60 -0
06400 10 -0
06400 15 -0
06400 20 -0
06400 25 -0
06400 30 -0
06400 35 -0
06400 40 -0
06400 45 -0
06400 50 -0
06400 55 -0
06400 60 -0
06500 10 -0
06500 15 -0
06500 20 -0
06500 25 -0
06500 30 -0
06500 35 -0
06500 40 -0
06500 45 -0
06500 50 -0
06500 55 -0
06500 60 -0
06600 10 -0
06600 15 -0
06600 20 -0
06600 25 -0
06600 30 -0
06600 35 -0
06600 40 -0
06600 45 -0
06600 50 -0
06600 55 -0
06600 60 -0
06700 10 -0
06700 15 -0
06700 20 -0
06700 25 -0
06700 30 -0
06700 35 -0
06700 40 -0
06700 45 -0
06700 50 -0
06700 55 -0
06700 60 -0
06800 10 -0
06800 20 -0
06800 25 -0
06800 30 -0
06800 35 -0
06800 40 -0
06800 45 -0
06800 50 -0
06800 55 -0
06800 60 -0
06900 10 -0
06900 15 -0
06900 20 -0
06900 25 -0
06900 30 -0
06900 35 -0
06900 40 -0
06900 45 -0
06900 50 -0
06900 55 -0
06900 60 -0
07000 10 -0
07000 15 -0
07000 20 -0
07000 25 -0
07000 30 -0
07000 35 -0
07000 40 -0
07000 45 -0
07000 50 -0
07000 55 -0
07000 60 -0
07200 10 -0
07200 15 -0
07200 20 -0
07200 25 -0
07200 30 -0
07200 35 -0
07200 40 -0
07200 45 -0
07200 50 -0
07200 55 -0
07200 60 -0
07400 10 -0
07400 15 -0
07400 20 -0
07400 25 -0
07400 30 -0
07400 35 -0
07400 40 -0
07400 45 -0
07400 50 -0
07400 55 -0
07400 60 -0
07600 10 -0
07600 15 -0
07600 20 -0
07600 25 -0
07600 30 -0
07600 35 -0
07600 40 -0
07600 45 -0
07600 50 -0
07600 55 -0
07600 60 -0
07800 10 -0
07800 15 -0
07800 20 -0
07800 25 -0
07800 30 -0
07800 35 -0
07800 40 -0
07800 45 -0
07800 50 -0
07800 55 -0
07800 60 -0
08000 10 -0
08000 15 -0
08000 20 -0
08000 25 -0
08000 30 -0
08000 35 -0
08000 40 -0
08000 45 -0
08000 50 -0
08000 55 -0
08000 60 -0
08200 10 -0
08200 15 -0
08200 20 -0
08200 25 -0
08200 30 -0
08200 35 -0
08200 40 -0
08200 45 -0
08200 50 -0
08200 55 -0
08200 60 -0
08400 15 -0
08400 20 -0
08400 25 -0
08400 30 -0
08400 35 -0
08400 40 -0
08400 45 -0
08400 50 -0
08400 55 -0
08400 60 -0
08600 15 -0
08600 20 -0
08600 25 -0
08600 30 -0
08600 35 -0
08600 40 -0
08600 45 -0
08600 50 -0
08600 55 -0
08600 60 -0
08800 15 -0
08800 20 -0
08800 25 -0
08800 30 -0
08800 35 -0
08800 40 -0
08800 45 -0
08800 50 -0
08800 55 -0
08800 60 -0
09000 15 -0
09000 20 -0
09000 25 -0
09000 30 -0
09000 35 -0
09000 40 -0
09000 45 -0
09000 50 -0
09000 55 -0
09000 60 -0
09200 15 -0
09200 20 -0
09200 25 -0
09200 30 -0
09200 35 -0
09200 40 -0
09200 45 -0
09200 50 -0
09200 55 -0
09200 60 -0
09400 20 -0
09400 25 -0
09400 30 -0
09400 35 -0
09400 40 -0
09400 45 -0
09400 50 -0
09400 55 -0
09400 60 -0
09600 20 -0
09600 25 -0
09600 30 -0
09600 35 -0
09600 40 -0
09600 45 -0
09600 50 -0
09600 55 -0
09600 60 -0
09800 20 -0
09800 25 -0
09800 30 -0
09800 35 -0
09800 40 -0
09800 45 -0
09800 50 -0
09800 55 -0
09800 60 -0
10000 20 -0
10000 25 -0
10000 30 -0
10000 35 -0
10000 40 -0
10000 45 -0
10000 50 -0
10000 55 -0
10000 60 -0
10200 20 -0
10200 25 -0
10200 30 -0
10200 35 -0
10200 40 -0
10200 45 -0
10200 50 -0
10200 55 -0
10200 60 -0
10400 20 -0
10400 25 -0
10400 30 -0
10400 35 -0
10400 40 -0
10400 45 -0
10400 50 -0
10400 55 -0
10400 60 -0
10600 20 -0
10600 25 -0
10600 30 -0
10600 35 -0
10600 40 -0
10600 45 -0
10600 50 -0
10600 55 -0
10600 60 -0
10800 20 -0
10800 25 -0
10800 30 -0
10800 35 -0
10800 40 -0
10800 45 -0
10800 50 -0
10800 55 -0
10800 60 -0
11000 20 -0
11000 25 -0
11000 30 -0
11000 35 -0
11000 40 -0
11000 45 -0
11000 50 -0
11000 55 -0
11000 60 -0
11200 20 -0
11200 25 -0
11200 30 -0
11200 35 -0
11200 40 -0
11200 45 -0
11200 50 -0
11200 55 -0
11200 60 -0
11400 20 -0
11400 25 -0
11400 30 -0
11400 35 -0
11400 40 -0
11400 45 -0
11400 50 -0
11400 55 -0
11400 60 -0
11600 20 -0
11600 25 -0
11600 30 -0
11600 35 -0
11600 40 -0
11600 45 -0
11600 50 -0
11600 55 -0
11600 60 -0
11800 20 -0
11800 25 -0
11800 30 -0
11800 35 -0
11800 40 -0
11800 45 -0
11800 50 -0
11800 55 -0
11800 60 -0
12000 20 -0
12000 25 -0
12000 30 -0
12000 35 -0
12000 40 -0
12000 45 -0
12000 50 -0
12000 55 -0
12000 60 -0
02300 00 -5
02300 05 -5
02300 10 -5
02300 15 -5
02300 20 -5
02300 25 -5
02300 30 -5
02300 35 -5
02300 40 -5
02300 45 -5
02300 50 -5
02300 55 -5
02300 60 -5
02400 00 -5
02400 05 -5
02400 10 -5
02400 15 -5
02400 20 -5
02400 25 -5
02400 30 -5
02400 35 -5
02400 40 -5
02400 45 -5
02400 50 -5
02400 55 -5
02400 60 -5
02500 00 -5
02500 05 -5
02500 10 -5
02500 15 -5
02500 20 -5
02500 25 -5
02500 30 -5
02500 35 -5
02500 40 -5
02500 45 -5
02500 50 -5
02500 55 -5
02500 60 -5
02600 00 -5
02600 05 -5
02600 10 -5
02600 15 -5
02600 20 -5
02600 25 -5
02600 30 -5
02600 35 -5
02600 40 -5
02600 45 -5
02600 50 -5
02600 55 -5
02600 60 -5
02700 00 -5
02700 05 -5
02700 10 -5
02700 15 -5
02700 20 -5
02700 25 -5
02700 30 -5
02700 35 -5
02700 40 -5
02700 45 -5
02700 50 -5
02700 55 -5
02700 60 -5
02800 00 -5
02800 05 -5
02800 10 -5
02800 15 -5
02800 20 -5
02800 25 -5
02800 30 -5
02800 35 -5
02800 40 -5
02800 45 -5
02800 50 -5
02800 55 -5
02800 60 -5
02900 00 -5
02900 05 -5
02900 10 -5
02900 15 -5
02900 20 -5
02900 25 -5
02900 30 -5
02900 35 -5
02900 40 -5
02900 45 -5
02900 50 -5
02900 55 -5
02900 60 -5
03000 00 -5
03000 05 -5
03000 10 -5
03000 15 -5
03000 20 -5
03000 25 -5
03000 30 -5
03000 35 -5
03000 40 -5
03000 45 -5
03000 50 -5
03000 55 -5
03000 60 -5
03100 00 -5
03100 05 -5
03100 10 -5
03100 15 -5
03100 20 -5
03100 25 -5
03100 30 -5
03100 35 -5
03100 40 -5
03100 45 -5
03100 50 -5
03100 55 -5
03100 60 -5
03200 00 -5
03200 05 -5
03200 10 -5
03200 15 -5
03200 20 -5
03200 25 -5
03200 30 -5
03200 35 -5
03200 40 -5
03200 45 -5
03200 50 -5
03200 55 -5
03200 60 -5
03300 00 -5
03300 05 -5
03300 10 -5
03300 15 -5
03300 20 -5
03300 25 -5
03300 30 -5
03300 35 -5
03300 40 -5
03300 45 -5
03300 50 -5
03300 55 -5
03300 60 -5
03400 00 -5
03400 05 -5
03400 10 -5
03400 15 -5
03400 20 -5
03400 25 -5
03400 35 -5
03400 40 -5
03400 45 -5
03400 50 -5
03400 55 -5
03400 60 -5
03500 00 -5
03500 05 -5
03500 10 -5
03500 15 -5
03500 20 -5
03500 25 -5
03500 30 -5
03500 35 -5
03500 40 -5
03500 45 -5
03500 50 -5
03500 55 -5
03500 60 -5
03600 00 -5
03600 05 -5
03600 10 -5
03600 15 -5
03600 20 -5
03600 25 -5
03600 30 -5
03600 35 -5
03600 40 -5
03600 45 -5
03600 50 -5
03600 55 -5
03600 60 -5
03700 00 -5
03700 05 -5
03700 10 -5
03700 15 -5
03700 20 -5
03700 25 -5
03700 30 -5
03700 35 -5
03700 40 -5
03700 45 -5
03700 50 -5
03700 55 -5
03700 60 -5
03800 00 -5
03800 05 -5
03800 15 -5
03800 20 -5
03800 25 -5
03800 30 -5
03800 35 -5
03800 40 -5
03800 45 -5
03800 50 -5
03800 55 -5
03800 60 -5
03900 00 -5
03900 05 -5
03900 10 -5
03900 15 -5
03900 20 -5
03900 25 -5
03900 30 -5
03900 35 -5
03900 40 -5
03900 45 -5
03900 50 -5
03900 55 -5
03900 60 -5
04000 00 -5
04000 05 -5
04000 10 -5
04000 15 -5
04000 20 -5
04000 25 -5
04000 30 -5
04000 35 -5
04000 40 -5
04000 45 -5
04000 50 -5
04000 55 -5
04000 60 -5
04100 00 -5
04100 05 -5
04100 10 -5
04100 15 -5
04100 20 -5
04100 25 -5
04100 30 -5
04100 35 -5
04100 40 -5
04100 45 -5
04100 50 -5
04100 55 -5
04100 60 -5
04200 00 -5
04200 05 -5
04200 10 -5
04200 15 -5
04200 20 -5
04200 25 -5
04200 30 -5
04200 35 -5
04200 40 -5
04200 45 -5
04200 50 -5
04200 60 -5
04300 00 -5
04300 05 -5
04300 10 -5
04300 15 -5
04300 20 -5
04300 25 -5
04300 40 -5
04300 45 -5
04300 50 -5
04300 55 -5
04300 60 -5
04400 00 -5
04400 05 -5
04400 10 -5
04400 15 -5
04400 20 -5
04400 25 -5
04400 30 -5
04400 35 -5
04400 40 -5
04400 45 -5
04400 50 -5
04400 55 -5
04400 60 -5
04500 00 -5
04500 05 -5
04500 10 -5
04500 15 -5
04500 20 -5
04500 30 -5
04500 35 -5
04500 40 -5
04500 45 -5
04500 50 -5
04500 55 -5
04500 60 -5
04600 05 -5
04600 10 -5
04600 15 -5
04600 20 -5
04600 25 -5
04600 30 -5
04600 35 -5
04600 40 -5
04600 45 -5
04600 50 -5
04600 55 -5
04600 60 -5
04700 00 -5
04700 05 -5
04700 10 -5
04700 15 -5
04700 20 -5
04700 25 -5
04700 30 -5
04700 35 -5
04700 40 -5
04700 45 -5
04700 50 -5
04700 55 -5
04700 60 -5
04800 00 -5
04800 05 -5
04800 10 -5
04800 15 -5
04800 20 -5
04800 25 -5
04800 30 -5
04800 35 -5
04800 40 -5
04800 45 -5
04800 50 -5
04800 55 -5
04800 60 -5
04900 00 -5
04900 05 -5
04900 10 -5
04900 15 -5
04900 20 -5
04900 25 -5
04900 30 -5
04900 35 -5
04900 40 -5
04900 45 -5
04900 50 -5
04900 55 -5
04900 60 -5
05100 00 -5
05100 05 -5
05100 10 -5
05100 15 -5
05100 20 -5
05100 25 -5
05100 30 -5
05100 35 -5
05100 40 -5
05100 45 -5
05100 50 -5
05100 55 -5
05100 60 -5
05200 00 -5
05200 05 -5
05200 10 -5
05200 15 -5
05200 20 -5
05200 25 -5
05200 30 -5
05200 35 -5
05200 40 -5
05200 45 -5
05200 50 -5
05200 55 -5
05200 60 -5
05300 00 -5
05300 05 -5
05300 10 -5
05300 15 -5
05300 25 -5
05300 30 -5
05300 35 -5
05300 40 -5
05300 45 -5
05300 50 -5
05300 55 -5
05300 60 -5
05400 00 -5
05400 05 -5
05400 10 -5
05400 15 -5
05400 20 -5
05400 25 -5
05400 30 -5
05400 35 -5
05400 40 -5
05400 45 -5
05400 50 -5
05400 55 -5
05400 60 -5
05500 00 -5
05500 05 -5
05500 10 -5
05500 15 -5
05500 20 -5
05500 25 -5
05500 30 -5
05500 35 -5
05500 40 -5
05500 45 -5
05500 50 -5
05500 55 -5
05500 60 -5
05600 00 -5
05600 05 -5
05600 10 -5
05600 15 -5
05600 20 -5
05600 25 -5
05600 30 -5
05600 35 -5
05600 40 -5
05600 45 -5
05600 50 -5
05600 55 -5
05600 60 -5
05700 05 -5
05700 10 -5
05700 15 -5
05700 20 -5
05700 25 -5
05700 30 -5
05700 35 -5
05700 40 -5
05700 45 -5
05700 50 -5
05700 55 -5
05700 60 -5
05800 05 -5
05800 10 -5
05800 15 -5
05800 20 -5
05800 25 -5
05800 30 -5
05800 35 -5
05800 40 -5
05800 45 -5
05800 50 -5
05800 55 -5
05800 60 -5
05900 05 -5
05900 10 -5
05900 15 -5
05900 20 -5
05900 25 -5
05900 30 -5
05900 35 -5
05900 40 -5
05900 45 -5
05900 50 -5
05900 55 -5
05900 60 -5
06000 05 -5
06000 10 -5
06000 15 -5
06000 20 -5
06000 25 -5
06000 30 -5
06000 35 -5
06000 40 -5
06000 45 -5
06000 50 -5
06000 55 -5
06000 60 -5
06100 10 -5
06100 15 -5
06100 20 -5
06100 25 -5
06100 30 -5
06100 35 -5
06100 40 -5
06100 45 -5
06100 50 -5
06100 55 -5
06100 60 -5
06200 10 -5
06200 15 -5
06200 20 -5
06200 25 -5
06200 30 -5
06200 35 -5
06200 40 -5
06200 45 -5
06200 50 -5
06200 55 -5
06200 60 -5
06300 10 -5
06300 15 -5
06300 20 -5
06300 25 -5
06300 30 -5
06300 35 -5
06300 40 -5
06300 45 -5
06300 50 -5
06300 55 -5
06300 60 -5
06400 10 -5
06400 15 -5
06400 20 -5
06400 25 -5
06400 30 -5
06400 35 -5
06400 40 -5
06400 45 -5
06400 50 -5
06400 55 -5
06400 60 -5
06500 10 -5
06500 15 -5
06500 20 -5
06500 25 -5
06500 30 -5
06500 35 -5
06500 40 -5
06500 45 -5
06500 50 -5
06500 55 -5
06500 60 -5
06600 10 -5
06600 15 -5
06600 20 -5
06600 25 -5
06600 30 -5
06600 35 -5
06600 40 -5
06600 45 -5
06600 50 -5
06600 55 -5
06600 60 -5
06700 10 -5
06700 15 -5
06700 20 -5
06700 25 -5
06700 30 -5
06700 35 -5
06700 40 -5
06700 45 -5
06700 50 -5
06700 55 -5
06700 60 -5
06800 10 -5
06800 15 -5
06800 20 -5
06800 25 -5
06800 30 -5
06800 35 -5
06800 40 -5
06800 45 -5
06800 50 -5
06800 55 -5
06800 60 -5
06900 10 -5
06900 15 -5
06900 20 -5
06900 25 -5
06900 30 -5
06900 35 -5
06900 40 -5
06900 45 -5
06900 50 -5
06900 55 -5
06900 60 -5
07000 10 -5
07000 15 -5
07000 20 -5
07000 25 -5
07000 30 -5
07000 35 -5
07000 40 -5
07000 45 -5
07000 50 -5
07000 55 -5
07000 60 -5
07200 10 -5
07200 15 -5
07200 25 -5
07200 30 -5
07200 35 -5
07200 40 -5
07200 45 -5
07200 50 -5
07200 55 -5
07200 60 -5
07400 10 -5
07400 20 -5
07400 25 -5
07400 30 -5
07400 35 -5
07400 40 -5
07400 45 -5
07400 50 -5
07400 55 -5
07400 60 -5
07600 10 -5
07600 15 -5
07600 20 -5
07600 25 -5
07600 30 -5
07600 35 -5
07600 40 -5
07600 45 -5
07600 50 -5
07600 55 -5
07600 60 -5
07800 10 -5
07800 15 -5
07800 20 -5
07800 25 -5
07800 30 -5
07800 35 -5
07800 40 -5
07800 45 -5
07800 50 -5
07800 55 -5
07800 60 -5
08000 10 -5
08000 15 -5
08000 20 -5
08000 25 -5
08000 30 -5
08000 35 -5
08000 40 -5
08000 45 -5
08000 50 -5
08000 55 -5
08000 60 -5
08200 10 -5
08200 15 -5
08200 20 -5
08200 25 -5
08200 30 -5
08200 35 -5
08200 40 -5
08200 45 -5
08200 50 -5
08200 55 -5
08200 60 -5
08400 15 -5
08400 20 -5
08400 25 -5
08400 30 -5
08400 35 -5
08400 40 -5
08400 45 -5
08400 50 -5
08400 55 -5
08400 60 -5
08600 15 -5
08600 20 -5
08600 25 -5
08600 30 -5
08600 35 -5
08600 40 -5
08600 50 -5
08600 55 -5
08600 60 -5
08800 15 -5
08800 20 -5
08800 25 -5
08800 30 -5
08800 35 -5
08800 40 -5
08800 45 -5
08800 50 -5
08800 55 -5
08800 60 -5
09000 15 -5
09000 20 -5
09000 25 -5
09000 30 -5
09000 35 -5
09000 40 -5
09000 45 -5
09000 50 -5
09000 55 -5
09000 60 -5
09200 15 -5
09200 20 -5
09200 25 -5
09200 30 -5
09200 35 -5
09200 40 -5
09200 45 -5
09200 50 -5
09200 55 -5
09200 60 -5
09400 15 -5
09400 20 -5
09400 25 -5
09400 30 -5
09400 35 -5
09400 40 -5
09400 45 -5
09400 50 -5
09400 55 -5
09400 60 -5
09600 20 -5
09600 25 -5
09600 30 -5
09600 35 -5
09600 40 -5
09600 45 -5
09600 50 -5
09600 55 -5
09600 60 -5
09800 20 -5
09800 25 -5
09800 30 -5
09800 35 -5
09800 40 -5
09800 45 -5
09800 50 -5
09800 55 -5
09800 60 -5
10000 20 -5
10000 25 -5
10000 30 -5
10000 35 -5
10000 40 -5
10000 45 -5
10000 50 -5
10000 55 -5
10000 60 -5
10200 20 -5
10200 25 -5
10200 30 -5
10200 35 -5
10200 40 -5
10200 45 -5
10200 50 -5
10200 55 -5
10200 60 -5
10400 20 -5
10400 25 -5
10400 30 -5
10400 35 -5
10400 40 -5
10400 45 -5
10400 50 -5
10400 55 -5
10400 60 -5
10600 20 -5
10600 25 -5
10600 30 -5
10600 35 -5
10600 40 -5
10600 45 -5
10600 50 -5
10600 55 -5
10600 60 -5
10800 20 -5
10800 25 -5
10800 30 -5
10800 35 -5
10800 40 -5
10800 45 -5
10800 50 -5
10800 55 -5
10800 60 -5
11000 20 -5
11000 25 -5
11000 30 -5
11000 35 -5
11000 40 -5
11000 45 -5
11000 50 -5
11000 55 -5
11000 60 -5
11200 20 -5
11200 25 -5
11200 30 -5
11200 35 -5
11200 40 -5
11200 45 -5
11200 50 -5
11200 55 -5
11200 60 -5
11400 20 -5
11400 25 -5
11400 30 -5
11400 35 -5
11400 40 -5
11400 45 -5
11400 50 -5
11400 55 -5
11400 60 -5
11600 20 -5
11600 25 -5
11600 30 -5
11600 35 -5
11600 40 -5
11600 50 -5
11600 55 -5
11600 60 -5
11800 20 -5
11800 25 -5
11800 35 -5
11800 40 -5
11800 45 -5
11800 50 -5
11800 55 -5
11800 60 -5
12000 20 -5
12000 25 -5
12000 30 -5
12000 35 -5
12000 40 -5
12000 45 -5
12000 50 -5
12000 55 -5
12000 60 -5
02300 00 05
02300 05 05
02300 10 05
02300 15 05
02300 20 05
02300 25 05
02300 30 05
02300 35 05
02300 40 05
02300 45 05
02300 50 05
02300 55 05
02300 60 05
02400 00 05
02400 05 05
02400 10 05
02400 15 05
02400 20 05
02400 25 05
02400 30 05
02400 35 05
02400 40 05
02400 45 05
02400 50 05
02400 55 05
02400 60 05
02500 00 05
02500 05 05
02500 10 05
02500 15 05
02500 20 05
02500 25 05
02500 30 05
02500 35 05
02500 40 05
02500 45 05
02500 50 05
02500 55 05
02500 60 05
02600 00 05
02600 05 05
02600 10 05
02600 15 05
02600 20 05
02600 25 05
02600 30 05
02600 35 05
02600 40 05
02600 45 05
02600 50 05
02600 55 05
02600 60 05
02700 00 05
02700 05 05
02700 10 05
02700 15 05
02700 20 05
02700 25 05
02700 30 05
02700 35 05
02700 40 05
02700 45 05
02700 50 05
02700 55 05
02700 60 05
02800 00 05
02800 05 05
02800 10 05
02800 15 05
02800 20 05
02800 25 05
02800 30 05
02800 35 05
02800 40 05
02800 45 05
02800 50 05
02800 55 05
02800 60 05
02900 00 05
02900 05 05
02900 10 05
02900 15 05
02900 20 05
02900 25 05
02900 30 05
02900 35 05
02900 40 05
02900 45 05
02900 50 05
02900 55 05
02900 60 05
03000 00 05
03000 05 05
03000 10 05
03000 15 05
03000 20 05
03000 25 05
03000 30 05
03000 35 05
03000 40 05
03000 45 05
03000 50 05
03000 55 05
03000 60 05
03100 00 05
03100 05 05
03100 10 05
03100 15 05
03100 20 05
03100 25 05
03100 30 05
03100 35 05
03100 40 05
03100 45 05
03100 50 05
03100 55 05
03100 60 05
03200 00 05
03200 05 05
03200 10 05
03200 15 05
03200 20 05
03200 25 05
03200 30 05
03200 35 05
03200 40 05
03200 45 05
03200 50 05
03200 55 05
03200 60 05
03300 00 05
03300 05 05
03300 10 05
03300 15 05
03300 20 05
03300 25 05
03300 30 05
03300 35 05
03300 40 05
03300 50 05
03300 55 05
03300 60 05
03400 00 05
03400 05 05
03400 15 05
03400 20 05
03400 25 05
03400 30 05
03400 35 05
03400 40 05
03400 45 05
03400 50 05
03400 55 05
03400 60 05
03500 00 05
03500 05 05
03500 10 05
03500 15 05
03500 20 05
03500 25 05
03500 30 05
03500 35 05
03500 40 05
03500 45 05
03500 50 05
03500 55 05
03500 60 05
03600 00 05
03600 05 05
03600 10 05
03600 15 05
03600 20 05
03600 25 05
03600 30 05
03600 35 05
03600 40 05
03600 45 05
03600 50 05
03600 55 05
03600 60 05
03700 00 05
03700 05 05
03700 10 05
03700 15 05
03700 20 05
03700 25 05
03700 30 05
03700 35 05
03700 40 05
03700 45 05
03700 50 05
03700 55 05
03700 60 05
03800 00 05
03800 05 05
03800 10 05
03800 15 05
03800 20 05
03800 25 05
03800 30 05
03800 35 05
03800 45 05
03800 50 05
03800 55 05
03800 60 05
03900 00 05
03900 05 05
03900 10 05
03900 15 05
03900 20 05
03900 25 05
03900 30 05
03900 35 05
03900 40 05
03900 45 05
03900 50 05
03900 55 05
03900 60 05
04000 00 05
04000 05 05
04000 10 05
04000 15 05
04000 20 05
04000 25 05
04000 30 05
04000 35 05
04000 40 05
04000 45 05
04000 50 05
04000 55 05
04000 60 05
04100 00 05
04100 05 05
04100 10 05
04100 15 05
04100 20 05
04100 25 05
04100 30 05
04100 35 05
04100 40 05
04100 45 05
04100 50 05
04100 55 05
04100 60 05
04200 00 05
04200 05 05
04200 10 05
04200 15 05
04200 20 05
04200 25 05
04200 30 05
04200 35 05
04200 40 05
04200 45 05
04200 50 05
04200 55 05
04200 60 05
04300 00 05
04300 05 05
04300 10 05
04300 15 05
04300 20 05
04300 25 05
04300 30 05
04300 35 05
04300 40 05
04300 45 05
04300 50 05
04300 55 05
04300 60 05
04400 00 05
04400 05 05
04400 10 05
04400 15 05
04400 20 05
04400 25 05
04400 30 05
04400 35 05
04400 40 05
04400 45 05
04400 50 05
04400 55 05
04400 60 05
04500 05 05
04500 10 05
04500 15 05
04500 20 05
04500 25 05
04500 30 05
04500 35 05
04500 40 05
04500 45 05
04500 50 05
04500 55 05
04500 60 05
04600 00 05
04600 05 05
04600 10 05
04600 15 05
04600 20 05
04600 25 05
04600 30 05
04600 35 05
04600 40 05
04600 45 05
04600 50 05
04600 55 05
04600 60 05
04700 00 05
04700 05 05
04700 10 05
04700 15 05
04700 20 05
04700 25 05
04700 30 05
04700 35 05
04700 40 05
04700 45 05
04700 50 05
04700 55 05
04700 60 05
04800 00 05
04800 05 05
04800 10 05
04800 15 05
04800 20 05
04800 25 05
04800 30 05
04800 35 05
04800 40 05
04800 45 05
04800 50 05
04800 55 05
04800 60 05
04900 00 05
04900 05 05
04900 10 05
04900 15 05
04900 20 05
04900 25 05
04900 30 05
04900 35 05
04900 40 05
04900 45 05
04900 50 05
04900 55 05
04900 60 05
05100 00 05
05100 05 05
05100 10 05
05100 15 05
05100 20 05
05100 25 05
05100 30 05
05100 35 05
05100 40 05
05100 45 05
05100 50 05
05100 55 05
05100 60 05
05200 05 05
05200 10 05
05200 15 05
05200 20 05
05200 25 05
05200 30 05
05200 35 05
05200 40 05
05200 45 05
05200 50 05
05200 55 05
05200 60 05
05300 00 05
05300 05 05
05300 10 05
05300 15 05
05300 20 05
05300 25 05
05300 30 05
05300 40 05
05300 50 05
05300 55 05
05300 60 05
05400 00 05
05400 05 05
05400 10 05
05400 15 05
05400 20 05
05400 25 05
05400 30 05
05400 35 05
05400 40 05
05400 45 05
05400 50 05
05400 55 05
05400 60 05
05500 05 05
05500 10 05
05500 15 05
05500 20 05
05500 25 05
05500 30 05
05500 35 05
05500 40 05
05500 45 05
05500 50 05
05500 55 05
05500 60 05
05600 00 05
05600 05 05
05600 10 05
05600 15 05
05600 20 05
05600 25 05
05600 30 05
05600 35 05
05600 40 05
05600 45 05
05600 50 05
05600 55 05
05600 60 05
05700 00 05
05700 10 05
05700 15 05
05700 20 05
05700 30 05
05700 35 05
05700 40 05
05700 45 05
05700 50 05
05700 55 05
05700 60 05
05800 05 05
05800 10 05
05800 15 05
05800 20 05
05800 25 05
05800 30 05
05800 35 05
05800 40 05
05800 45 05
05800 50 05
05800 55 05
05800 60 05
05900 05 05
05900 15 05
05900 20 05
05900 25 05
05900 30 05
05900 40 05
05900 45 05
05900 50 05
05900 55 05
05900 60 05
06000 05 05
06000 10 05
06000 15 05
06000 20 05
06000 25 05
06000 30 05
06000 35 05
06000 40 05
06000 45 05
06000 50 05
06000 55 05
06000 60 05
06100 05 05
06100 10 05
06100 15 05
06100 20 05
06100 25 05
06100 30 05
06100 35 05
06100 40 05
06100 45 05
06100 50 05
06100 55 05
06100 60 05
06200 10 05
06200 15 05
06200 20 05
06200 25 05
06200 30 05
06200 35 05
06200 40 05
06200 45 05
06200 50 05
06200 55 05
06200 60 05
06300 10 05
06300 20 05
06300 25 05
06300 30 05
06300 35 05
06300 40 05
06300 45 05
06300 50 05
06300 55 05
06300 60 05
06400 10 05
06400 15 05
06400 20 05
06400 25 05
06400 30 05
06400 35 05
06400 40 05
06400 45 05
06400 50 05
06400 55 05
06400 60 05
06500 10 05
06500 15 05
06500 20 05
06500 25 05
06500 30 05
06500 35 05
06500 40 05
06500 45 05
06500 50 05
06500 55 05
06500 60 05
06600 15 05
06600 20 05
06600 25 05
06600 30 05
06600 35 05
06600 40 05
06600 45 05
06600 50 05
06600 55 05
06600 60 05
06700 10 05
06700 15 05
06700 20 05
06700 25 05
06700 30 05
06700 35 05
06700 40 05
06700 45 05
06700 50 05
06700 55 05
06700 60 05
06800 10 05
06800 15 05
06800 20 05
06800 25 05
06800 30 05
06800 35 05
06800 40 05
06800 45 05
06800 50 05
06800 55 05
06800 60 05
06900 10 05
06900 15 05
06900 20 05
06900 25 05
06900 30 05
06900 35 05
06900 40 05
06900 45 05
06900 50 05
06900 55 05
06900 60 05
07000 10 05
07000 20 05
07000 25 05
07000 30 05
07000 40 05
07000 45 05
07000 50 05
07000 55 05
07000 60 05
07200 10 05
07200 15 05
07200 20 05
07200 25 05
07200 30 05
07200 35 05
07200 40 05
07200 45 05
07200 55 05
07200 60 05
07400 10 05
07400 15 05
07400 20 05
07400 25 05
07400 30 05
07400 35 05
07400 40 05
07400 45 05
07400 50 05
07400 55 05
07400 60 05
07600 10 05
07600 15 05
07600 20 05
07600 25 05
07600 30 05
07600 35 05
07600 40 05
07600 45 05
07600 50 05
07600 55 05
07600 60 05
07800 10 05
07800 15 05
07800 20 05
07800 25 05
07800 35 05
07800 40 05
07800 45 05
07800 50 05
07800 55 05
07800 60 05
08000 10 05
08000 15 05
08000 20 05
08000 25 05
08000 30 05
08000 35 05
08000 40 05
08000 45 05
08000 50 05
08000 55 05
08000 60 05
08200 10 05
08200 15 05
08200 20 05
08200 25 05
08200 30 05
08200 35 05
08200 40 05
08200 45 05
08200 50 05
08200 55 05
08200 60 05
08400 15 05
08400 20 05
08400 25 05
08400 30 05
08400 35 05
08400 40 05
08400 45 05
08400 50 05
08400 55 05
08400 60 05
08600 15 05
08600 20 05
08600 25 05
08600 30 05
08600 35 05
08600 40 05
08600 45 05
08600 50 05
08600 55 05
08600 60 05
08800 15 05
08800 20 05
08800 25 05
08800 30 05
08800 35 05
08800 40 05
08800 45 05
08800 50 05
08800 55 05
08800 60 05
09000 15 05
09000 20 05
09000 25 05
09000 30 05
09000 35 05
09000 40 05
09000 45 05
09000 55 05
09000 60 05
09200 15 05
09200 20 05
09200 25 05
09200 30 05
09200 35 05
09200 40 05
09200 45 05
09200 50 05
09200 55 05
09200 60 05
09400 20 05
09400 25 05
09400 30 05
09400 35 05
09400 40 05
09400 45 05
09400 50 05
09400 55 05
09400 60 05
09600 20 05
09600 25 05
09600 30 05
09600 35 05
09600 40 05
09600 45 05
09600 50 05
09600 55 05
09600 60 05
09800 20 05
09800 25 05
09800 30 05
09800 35 05
09800 40 05
09800 45 05
09800 50 05
09800 55 05
09800 60 05
10000 20 05
10000 25 05
10000 30 05
10000 35 05
10000 40 05
10000 45 05
10000 50 05
10000 55 05
10000 60 05
10200 20 05
10200 25 05
10200 30 05
10200 35 05
10200 40 05
10200 45 05
10200 50 05
10200 55 05
10200 60 05
10400 20 05
10400 25 05
10400 30 05
10400 35 05
10400 40 05
10400 45 05
10400 50 05
10400 55 05
10400 60 05
10600 20 05
10600 25 05
10600 30 05
10600 40 05
10600 45 05
10600 50 05
10600 55 05
10600 60 05
10800 20 05
10800 25 05
10800 30 05
10800 35 05
10800 40 05
10800 45 05
10800 50 05
10800 60 05
11000 25 05
11000 30 05
11000 35 05
11000 40 05
11000 45 05
11000 50 05
11000 55 05
11000 60 05
11200 25 05
11200 30 05
11200 35 05
11200 40 05
11200 45 05
11200 50 05
11200 55 05
11200 60 05
11400 25 05
11400 30 05
11400 35 05
11400 40 05
11400 45 05
11400 50 05
11400 55 05
11600 25 05
11600 30 05
11600 35 05
11600 40 05
11600 45 05
11600 50 05
11600 55 05
11600 60 05
11800 25 05
11800 30 05
11800 35 05
11800 40 05
11800 45 05
11800 50 05
11800 55 05
11800 60 05
12000 25 05
12000 30 05
12000 35 05
12000 40 05
12000 45 05
12000 60 05
02300 00 10
02300 00 -15
02300 05 10
02300 05 -15
02300 10 10
02300 10 -15
02300 15 10
02300 15 -15
02300 20 10
02300 20 -15
02300 25 10
02300 25 -15
02300 30 10
02300 30 -15
02300 35 10
02300 35 -15
02300 40 10
02300 40 -15
02300 45 10
02300 45 -15
02300 50 10
02300 50 -15
02300 55 10
02300 55 -15
02300 60 10
02300 60 -15
02400 00 10
02400 00 -15
02400 05 10
02400 05 -15
02400 10 10
02400 10 -15
02400 15 10
02400 15 -15
02400 20 10
02400 20 -15
02400 25 10
02400 25 -15
02400 30 10
02400 30 -15
02400 35 10
02400 35 -15
02400 40 10
02400 40 -15
02400 45 10
02400 45 -15
02400 50 10
02400 50 -15
02400 55 10
02400 55 -15
02400 60 10
02400 60 -15
02500 00 10
02500 00 -15
02500 05 10
02500 05 -15
02500 10 10
02500 10 -15
02500 15 10
02500 15 -15
02500 20 10
02500 20 -15
02500 25 10
02500 25 -15
02500 30 10
02500 30 -15
02500 35 10
02500 35 -15
02500 40 10
02500 40 -15
02500 45 10
02500 45 -15
02500 50 10
02500 50 -15
02500 55 10
02500 55 -15
02500 60 10
02500 60 -15
02600 00 10
02600 00 -15
02600 05 -15
02600 10 10
02600 10 -15
02600 15 10
02600 15 -15
02600 20 10
02600 20 -15
02600 25 10
02600 25 -15
02600 30 10
02600 30 -15
02600 35 10
02600 35 -15
02600 40 10
02600 40 -15
02600 45 10
02600 45 -15
02600 50 10
02600 50 -15
02600 55 10
02600 55 -15
02600 60 10
02600 60 -15
02700 00 10
02700 00 -15
02700 05 10
02700 05 -15
02700 10 10
02700 10 -15
02700 15 10
02700 15 -15
02700 20 10
02700 20 -15
02700 25 10
02700 25 -15
02700 30 10
02700 30 -15
02700 35 10
02700 35 -15
02700 40 10
02700 40 -15
02700 45 10
02700 45 -15
02700 50 10
02700 50 -15
02700 55 10
02700 55 -15
02700 60 10
02700 60 -15
02800 00 10
02800 00 -15
02800 05 10
02800 05 -15
02800 10 -15
02800 15 10
02800 15 -15
02800 20 10
02800 20 -15
02800 25 10
02800 25 -15
02800 30 10
02800 30 -15
02800 35 10
02800 35 -15
02800 40 10
02800 40 -15
02800 45 10
02800 45 -15
02800 50 10
02800 50 -15
02800 55 10
02800 55 -15
02800 60 10
02800 60 -15
02900 00 10
02900 00 -15
02900 05 10
02900 05 -15
02900 10 10
02900 10 -15
02900 15 10
02900 15 -15
02900 20 10
02900 20 -15
02900 25 10
02900 25 -15
02900 30 10
02900 30 -15
02900 35 10
02900 35 -15
02900 40 10
02900 45 10
02900 50 10
02900 55 10
02900 60 10
03000 00 10
03000 05 10
03000 10 10
03000 15 10
03000 20 10
03000 25 10
03000 30 10
03000 35 10
03000 40 10
03000 45 10
03000 50 10
03000 55 10
03000 60 10
03100 00 10
03100 05 10
03100 10 10
03100 15 10
03100 20 10
03100 25 10
03100 30 10
03100 35 10
03100 40 10
03100 45 10
03100 50 10
03100 55 10
03100 60 10
03200 00 10
03200 05 10
03200 10 10
03200 15 10
03200 20 10
03200 25 10
03200 30 10
03200 35 10
03200 40 10
03200 45 10
03200 50 10
03200 55 10
03200 60 10
03300 00 10
03300 05 10
03300 10 10
03300 15 10
03300 20 10
03300 25 10
03300 30 10
03300 35 10
03300 40 10
03300 45 10
03300 50 10
03300 55 10
03300 60 10
03400 00 10
03400 05 10
03400 10 10
03400 15 10
03400 20 10
03400 25 10
03400 30 10
03400 35 10
03400 40 10
03400 45 10
03400 50 10
03400 55 10
03400 60 10
03500 00 10
03500 05 10
03500 10 10
03500 15 10
03500 20 10
03500 25 10
03500 30 10
03500 35 10
03500 40 10
03500 45 10
03500 50 10
03500 55 10
03500 60 10
03600 00 10
03600 05 10
03600 10 10
03600 15 10
03600 20 10
03600 25 10
03600 30 10
03600 35 10
03600 40 10
03600 45 10
03600 50 10
03600 55 10
03600 60 10
03700 00 10
03700 05 10
03700 10 10
03700 15 10
03700 20 10
03700 25 10
03700 30 10
03700 35 10
03700 40 10
03700 45 10
03700 50 10
03700 55 10
03700 60 10
03800 00 10
03800 05 10
03800 10 10
03800 15 10
03800 20 10
03800 25 10
03800 30 10
03800 35 10
03800 40 10
03800 45 10
03800 50 10
03800 55 10
03800 60 10
03900 00 10
03900 05 10
03900 10 10
03900 15 10
03900 20 10
03900 25 10
03900 30 10
03900 35 10
03900 40 10
03900 45 10
03900 50 10
03900 55 10
03900 60 10
04000 00 10
04000 05 10
04000 10 10
04000 15 10
04000 20 10
04000 25 10
04000 30 10
04000 35 10
04000 40 10
04000 45 10
04000 50 10
04000 55 10
04000 60 10
04100 00 10
04100 05 10
04100 10 10
04100 15 10
04100 20 10
04100 25 10
04100 30 10
04100 35 10
04100 40 10
04100 45 10
04100 50 10
04100 55 10
04100 60 10
04200 00 10
04200 05 10
04200 10 10
04200 15 10
04200 20 10
04200 25 10
04200 30 10
04200 35 10
04200 40 10
04200 45 10
04200 50 10
04200 55 10
04200 60 10
04300 00 10
04300 05 10
04300 10 10
04300 15 10
04300 20 10
04300 25 10
04300 30 10
04300 35 10
04300 40 10
04300 45 10
04300 50 10
04300 60 10
04400 10 10
04400 15 10
04400 20 10
04400 25 10
04400 30 10
04400 35 10
04400 40 10
04400 45 10
04400 50 10
04400 55 10
04400 60 10
04500 00 10
04500 05 10
04500 10 10
04500 15 10
04500 20 10
04500 25 10
04500 30 10
04500 35 10
04500 40 10
04500 45 10
04500 50 10
04500 55 10
04500 60 10
04600 00 10
04600 05 10
04600 10 10
04600 15 10
04600 20 10
04600 25 10
04600 30 10
04600 35 10
04600 40 10
04600 45 10
04600 50 10
04600 55 10
04600 60 10
04700 00 10
04700 05 10
04700 10 10
04700 15 10
04700 20 10
04700 25 10
04700 30 10
04700 35 10
04700 40 10
04700 45 10
04700 50 10
04700 55 10
04700 60 10
04800 00 10
04800 05 10
04800 10 10
04800 15 10
04800 20 10
04800 25 10
04800 30 10
04800 35 10
04800 40 10
04800 45 10
04800 50 10
04800 55 10
04800 60 10
04900 00 10
04900 10 10
04900 15 10
04900 20 10
04900 25 10
04900 30 10
04900 35 10
04900 40 10
04900 45 10
04900 50 10
04900 55 10
04900 60 10
05100 00 10
05100 10 10
05100 15 10
05100 20 10
05100 25 10
05100 30 10
05100 35 10
05100 40 10
05100 45 10
05100 50 10
05100 55 10
05100 60 10
05200 00 10
05200 10 10
05200 15 10
05200 20 10
05200 25 10
05200 30 10
05200 35 10
05200 40 10
05200 45 10
05200 50 10
05200 55 10
05200 60 10
05300 10 10
05300 15 10
05300 20 10
05300 25 10
05300 30 10
05300 35 10
05300 40 10
05300 45 10
05300 50 10
05300 55 10
05300 60 10
05400 10 10
05400 15 10
05400 20 10
05400 25 10
05400 30 10
05400 35 10
05400 40 10
05400 45 10
05400 50 10
05400 55 10
05400 60 10
05500 05 10
05500 15 10
05500 20 10
05500 25 10
05500 30 10
05500 35 10
05500 40 10
05500 45 10
05500 50 10
05500 55 10
05500 60 10
05600 05 10
05600 10 10
05600 15 10
05600 20 10
05600 25 10
05600 30 10
05600 35 10
05600 40 10
05600 45 10
05600 50 10
05600 55 10
05600 60 10
05700 10 10
05700 15 10
05700 20 10
05700 25 10
05700 30 10
05700 35 10
05700 40 10
05700 45 10
05700 50 10
05700 55 10
05700 60 10
05800 05 10
05800 10 10
05800 20 10
05800 25 10
05800 30 10
05800 35 10
05800 40 10
05800 45 10
05800 50 10
05800 55 10
05800 60 10
05900 05 10
05900 10 10
05900 15 10
05900 20 10
05900 25 10
05900 30 10
05900 35 10
05900 40 10
05900 45 10
05900 50 10
05900 55 10
05900 60 10
06000 05 10
06000 10 10
06000 15 10
06000 20 10
06000 25 10
06000 30 10
06000 35 10
06000 40 10
06000 45 10
06000 50 10
06000 55 10
06000 60 10
06100 05 10
06100 10 10
06100 15 10
06100 20 10
06100 25 10
06100 30 10
06100 35 10
06100 40 10
06100 45 10
06100 50 10
06100 55 10
06100 60 10
06200 10 10
06200 15 10
06200 20 10
06200 25 10
06200 30 10
06200 35 10
06200 40 10
06200 45 10
06200 50 10
06200 55 10
06200 60 10
06300 10 10
06300 15 10
06300 20 10
06300 30 10
06300 35 10
06300 40 10
06300 45 10
06300 50 10
06300 55 10
06300 60 10
06400 10 10
06400 15 10
06400 20 10
06400 25 10
06400 30 10
06400 35 10
06400 40 10
06400 45 10
06400 50 10
06400 55 10
06400 60 10
06500 15 10
06500 20 10
06500 25 10
06500 35 10
06500 40 10
06500 45 10
06500 50 10
06500 55 10
06500 60 10
06600 10 10
06600 15 10
06600 20 10
06600 25 10
06600 30 10
06600 35 10
06600 40 10
06600 45 10
06600 50 10
06600 55 10
06600 60 10
06700 10 10
06700 15 10
06700 20 10
06700 25 10
06700 30 10
06700 35 10
06700 40 10
06700 45 10
06700 50 10
06700 55 10
06700 60 10
06800 10 10
06800 15 10
06800 20 10
06800 25 10
06800 30 10
06800 35 10
06800 40 10
06800 45 10
06800 50 10
06800 55 10
06800 60 10
06900 10 10
06900 15 10
06900 25 10
06900 30 10
06900 35 10
06900 40 10
06900 45 10
06900 50 10
06900 55 10
06900 60 10
07000 10 10
07000 15 10
07000 20 10
07000 25 10
07000 30 10
07000 35 10
07000 40 10
07000 45 10
07000 50 10
07000 55 10
07000 60 10
07200 10 10
07200 15 10
07200 20 10
07200 25 10
07200 30 10
07200 40 10
07200 45 10
07200 50 10
07200 55 10
07200 60 10
07400 10 10
07400 15 10
07400 20 10
07400 30 10
07400 35 10
07400 40 10
07400 45 10
07400 50 10
07400 55 10
07400 60 10
07600 10 10
07600 15 10
07600 20 10
07600 25 10
07600 30 10
07600 35 10
07600 40 10
07600 45 10
07600 50 10
07600 55 10
07600 60 10
07800 10 10
07800 15 10
07800 20 10
07800 25 10
07800 30 10
07800 35 10
07800 40 10
07800 45 10
07800 50 10
07800 55 10
07800 60 10
08000 10 10
08000 15 10
08000 20 10
08000 25 10
08000 30 10
08000 35 10
08000 40 10
08000 45 10
08000 50 10
08000 55 10
08000 60 10
08200 10 10
08200 15 10
08200 20 10
08200 25 10
08200 30 10
08200 35 10
08200 40 10
08200 45 10
08200 50 10
08200 55 10
08200 60 10
08400 15 10
08400 20 10
08400 25 10
08400 30 10
08400 35 10
08400 40 10
08400 45 10
08400 50 10
08400 55 10
08400 60 10
08600 15 10
08600 20 10
08600 25 10
08600 30 10
08600 35 10
08600 40 10
08600 45 10
08600 50 10
08600 55 10
08600 60 10
08800 20 10
08800 25 10
08800 30 10
08800 35 10
08800 40 10
08800 45 10
08800 50 10
08800 55 10
08800 60 10
09000 20 10
09000 25 10
09000 30 10
09000 35 10
09000 40 10
09000 45 10
09000 50 10
09000 55 10
09000 60 10
09200 20 10
09200 25 10
09200 30 10
09200 35 10
09200 40 10
09200 45 10
09200 50 10
09200 55 10
09200 60 10
09400 20 10
09400 25 10
09400 30 10
09400 35 10
09400 40 10
09400 45 10
09400 50 10
09400 55 10
09400 60 10
09600 25 10
09600 30 10
09600 35 10
09600 40 10
09600 45 10
09600 50 10
09600 55 10
09600 60 10
09800 25 10
09800 30 10
09800 35 10
09800 40 10
09800 45 10
09800 50 10
09800 55 10
09800 60 10
10000 25 10
10000 30 10
10000 35 10
10000 40 10
10000 45 10
10000 50 10
10000 55 10
10000 60 10
10200 25 10
10200 30 10
10200 35 10
10200 40 10
10200 45 10
10200 50 10
10200 55 10
10200 60 10
10400 25 10
10400 30 10
10400 40 10
10400 45 10
10400 50 10
10400 55 10
10400 60 10
10600 25 10
10600 30 10
10600 35 10
10600 40 10
10600 45 10
10600 50 10
10600 60 10
10800 25 10
10800 30 10
10800 35 10
10800 40 10
10800 45 10
10800 50 10
10800 60 10
11000 25 10
11000 30 10
11000 35 10
11000 40 10
11000 45 10
11000 50 10
11000 60 10
11200 25 10
11200 30 10
11200 35 10
11200 40 10
11200 45 10
11200 50 10
11200 55 10
11200 60 10
11400 25 10
11400 30 10
11400 35 10
11400 40 10
11400 45 10
11400 50 10
11400 55 10
11400 60 10
11600 30 10
11600 35 10
11600 40 10
11600 45 10
11600 50 10
11600 55 10
11800 30 10
11800 35 10
11800 40 10
11800 45 10
11800 50 10
11800 55 10
11800 60 10
12000 30 10
12000 35 10
12000 40 10
12000 45 10
12000 50 10
12000 60 10
02900 40 -15
02900 45 -15
02900 50 -15
02900 55 -15
02900 60 -15
03000 00 -15
03000 05 -15
03000 10 -15
03000 15 -15
03000 20 -15
03000 25 -15
03000 30 -15
03000 35 -15
03000 40 -15
03000 45 -15
03000 50 -15
03000 55 -15
03000 60 -15
03100 00 -15
03100 05 -15
03100 10 -15
03100 15 -15
03100 20 -15
03100 25 -15
03100 30 -15
03100 35 -15
03100 40 -15
03100 45 -15
03100 50 -15
03100 55 -15
03100 60 -15
03200 00 -15
03200 05 -15
03200 10 -15
03200 15 -15
03200 20 -15
03200 25 -15
03200 30 -15
03200 35 -15
03200 40 -15
03200 45 -15
03200 50 -15
03200 55 -15
03200 60 -15
03300 00 -15
03300 05 -15
03300 10 -15
03300 15 -15
03300 20 -15
03300 25 -15
03300 30 -15
03300 35 -15
03300 40 -15
03300 45 -15
03300 50 -15
03300 55 -15
03300 60 -15
03400 00 -15
03400 05 -15
03400 10 -15
03400 15 -15
03400 20 -15
03400 25 -15
03400 30 -15
03400 35 -15
03400 40 -15
03400 45 -15
03400 50 -15
03400 55 -15
03400 60 -15
03500 00 -15
03500 05 -15
03500 10 -15
03500 15 -15
03500 20 -15
03500 25 -15
03500 30 -15
03500 35 -15
03500 40 -15
03500 45 -15
03500 50 -15
03500 55 -15
03500 60 -15
03600 00 -15
03600 05 -15
03600 10 -15
03600 15 -15
03600 25 -15
03600 30 -15
03600 35 -15
03600 40 -15
03600 45 -15
03600 50 -15
03600 60 -15
03700 00 -15
03700 05 -15
03700 10 -15
03700 15 -15
03700 20 -15
03700 25 -15
03700 30 -15
03700 35 -15
03700 40 -15
03700 45 -15
03700 50 -15
03700 55 -15
03700 60 -15
03800 00 -15
03800 05 -15
03800 10 -15
03800 15 -15
03800 20 -15
03800 25 -15
03800 30 -15
03800 35 -15
03800 40 -15
03800 45 -15
03800 50 -15
03800 55 -15
03800 60 -15
03900 00 -15
03900 05 -15
03900 10 -15
03900 15 -15
03900 20 -15
03900 25 -15
03900 30 -15
03900 35 -15
03900 40 -15
03900 45 -15
03900 50 -15
03900 55 -15
03900 60 -15
04000 00 -15
04000 05 -15
04000 10 -15
04000 15 -15
04000 20 -15
04000 25 -15
04000 30 -15
04000 35 -15
04000 40 -15
04000 45 -15
04000 50 -15
04000 55 -15
04000 60 -15
04100 00 -15
04100 05 -15
04100 10 -15
04100 15 -15
04100 20 -15
04100 25 -15
04100 30 -15
04100 35 -15
04100 40 -15
04100 50 -15
04100 55 -15
04100 60 -15
04200 00 -15
04200 05 -15
04200 10 -15
04200 15 -15
04200 20 -15
04200 30 -15
04200 35 -15
04200 40 -15
04200 45 -15
04200 50 -15
04200 55 -15
04200 60 -15
04300 00 -15
04300 05 -15
04300 10 -15
04300 15 -15
04300 20 -15
04300 25 -15
04300 30 -15
04300 35 -15
04300 45 -15
04300 50 -15
04300 55 -15
04300 60 -15
04400 00 -15
04400 05 -15
04400 10 -15
04400 15 -15
04400 20 -15
04400 25 -15
04400 30 -15
04400 35 -15
04400 40 -15
04400 45 -15
04400 50 -15
04400 55 -15
04400 60 -15
04500 00 -15
04500 05 -15
04500 10 -15
04500 15 -15
04500 20 -15
04500 25 -15
04500 30 -15
04500 35 -15
04500 40 -15
04500 45 -15
04500 50 -15
04500 55 -15
04500 60 -15
04600 00 -15
04600 05 -15
04600 10 -15
04600 15 -15
04600 20 -15
04600 25 -15
04600 30 -15
04600 35 -15
04600 40 -15
04600 45 -15
04600 50 -15
04600 55 -15
04600 60 -15
04700 00 -15
04700 05 -15
04700 10 -15
04700 15 -15
04700 25 -15
04700 30 -15
04700 35 -15
04700 40 -15
04700 45 -15
04700 50 -15
04700 55 -15
04700 60 -15
04800 00 -15
04800 05 -15
04800 10 -15
04800 15 -15
04800 20 -15
04800 25 -15
04800 30 -15
04800 35 -15
04800 40 -15
04800 45 -15
04800 50 -15
04800 55 -15
04800 60 -15
04900 00 -15
04900 05 -15
04900 10 -15
04900 15 -15
04900 20 -15
04900 25 -15
04900 30 -15
04900 35 -15
04900 40 -15
04900 45 -15
04900 50 -15
04900 55 -15
04900 60 -15
05100 00 -15
05100 05 -15
05100 10 -15
05100 15 -15
05100 20 -15
05100 25 -15
05100 30 -15
05100 35 -15
05100 40 -15
05100 45 -15
05100 50 -15
05100 55 -15
05100 60 -15
05200 00 -15
05200 05 -15
05200 10 -15
05200 15 -15
05200 20 -15
05200 25 -15
05200 30 -15
05200 35 -15
05200 40 -15
05200 45 -15
05200 50 -15
05200 55 -15
05200 60 -15
05300 05 -15
05300 10 -15
05300 15 -15
05300 20 -15
05300 25 -15
05300 30 -15
05300 35 -15
05300 40 -15
05300 45 -15
05300 50 -15
05300 55 -15
05300 60 -15
05400 00 -15
05400 05 -15
05400 10 -15
05400 15 -15
05400 20 -15
05400 25 -15
05400 30 -15
05400 35 -15
05400 40 -15
05400 45 -15
05400 50 -15
05400 55 -15
05400 60 -15
05500 05 -15
05500 10 -15
05500 15 -15
05500 20 -15
05500 25 -15
05500 30 -15
05500 35 -15
05500 40 -15
05500 45 -15
05500 50 -15
05500 55 -15
05500 60 -15
05600 00 -15
05600 05 -15
05600 10 -15
05600 15 -15
05600 20 -15
05600 25 -15
05600 30 -15
05600 35 -15
05600 40 -15
05600 45 -15
05600 50 -15
05600 55 -15
05600 60 -15
05700 00 -15
05700 05 -15
05700 10 -15
05700 15 -15
05700 20 -15
05700 25 -15
05700 30 -15
05700 35 -15
05700 40 -15
05700 45 -15
05700 50 -15
05700 55 -15
05700 60 -15
05800 05 -15
05800 10 -15
05800 15 -15
05800 20 -15
05800 25 -15
05800 30 -15
05800 35 -15
05800 40 -15
05800 45 -15
05800 50 -15
05800 55 -15
05800 60 -15
05900 00 -15
05900 05 -15
05900 10 -15
05900 15 -15
05900 20 -15
05900 25 -15
05900 30 -15
05900 35 -15
05900 40 -15
05900 45 -15
05900 50 -15
05900 55 -15
05900 60 -15
06000 00 -15
06000 05 -15
06000 10 -15
06000 15 -15
06000 20 -15
06000 25 -15
06000 30 -15
06000 35 -15
06000 40 -15
06000 45 -15
06000 50 -15
06000 55 -15
06000 60 -15
06100 05 -15
06100 10 -15
06100 15 -15
06100 20 -15
06100 25 -15
06100 30 -15
06100 35 -15
06100 40 -15
06100 45 -15
06100 50 -15
06100 55 -15
06100 60 -15
06200 10 -15
06200 15 -15
06200 20 -15
06200 25 -15
06200 30 -15
06200 35 -15
06200 40 -15
06200 45 -15
06200 50 -15
06200 55 -15
06200 60 -15
06300 10 -15
06300 15 -15
06300 20 -15
06300 25 -15
06300 30 -15
06300 35 -15
06300 40 -15
06300 45 -15
06300 50 -15
06300 55 -15
06300 60 -15
06400 20 -15
06400 25 -15
06400 30 -15
06400 35 -15
06400 40 -15
06400 45 -15
06400 50 -15
06400 55 -15
06400 60 -15
06500 10 -15
06500 20 -15
06500 25 -15
06500 30 -15
06500 35 -15
06500 40 -15
06500 45 -15
06500 50 -15
06500 55 -15
06500 60 -15
06600 10 -15
06600 15 -15
06600 20 -15
06600 25 -15
06600 30 -15
06600 35 -15
06600 40 -15
06600 45 -15
06600 50 -15
06600 55 -15
06600 60 -15
06700 10 -15
06700 15 -15
06700 20 -15
06700 25 -15
06700 30 -15
06700 35 -15
06700 40 -15
06700 45 -15
06700 50 -15
06700 55 -15
06700 60 -15
06800 10 -15
06800 20 -15
06800 25 -15
06800 30 -15
06800 35 -15
06800 40 -15
06800 45 -15
06800 50 -15
06800 55 -15
06900 15 -15
06900 20 -15
06900 25 -15
06900 30 -15
06900 35 -15
06900 40 -15
06900 45 -15
06900 50 -15
06900 55 -15
06900 60 -15
07000 10 -15
07000 15 -15
07000 20 -15
07000 25 -15
07000 30 -15
07000 35 -15
07000 40 -15
07000 45 -15
07000 50 -15
07000 55 -15
07000 60 -15
07200 10 -15
07200 15 -15
07200 20 -15
07200 25 -15
07200 30 -15
07200 35 -15
07200 40 -15
07200 45 -15
07200 50 -15
07200 55 -15
07200 60 -15
07400 10 -15
07400 15 -15
07400 20 -15
07400 25 -15
07400 30 -15
07400 35 -15
07400 40 -15
07400 45 -15
07400 50 -15
07400 55 -15
07400 60 -15
07600 10 -15
07600 15 -15
07600 20 -15
07600 25 -15
07600 30 -15
07600 35 -15
07600 40 -15
07600 45 -15
07600 50 -15
07600 55 -15
07600 60 -15
07800 10 -15
07800 15 -15
07800 20 -15
07800 25 -15
07800 30 -15
07800 35 -15
07800 40 -15
07800 45 -15
07800 50 -15
07800 60 -15
08000 15 -15
08000 20 -15
08000 25 -15
08000 30 -15
08000 35 -15
08000 40 -15
08000 45 -15
08000 50 -15
08000 55 -15
08000 60 -15
08200 10 -15
08200 15 -15
08200 20 -15
08200 25 -15
08200 30 -15
08200 35 -15
08200 40 -15
08200 45 -15
08200 50 -15
08200 55 -15
08200 60 -15
08400 15 -15
08400 20 -15
08400 25 -15
08400 30 -15
08400 35 -15
08400 40 -15
08400 45 -15
08400 50 -15
08400 55 -15
08400 60 -15
08600 15 -15
08600 20 -15
08600 25 -15
08600 30 -15
08600 35 -15
08600 40 -15
08600 45 -15
08600 50 -15
08600 55 -15
08600 60 -15
08800 15 -15
08800 20 -15
08800 25 -15
08800 30 -15
08800 35 -15
08800 40 -15
08800 45 -15
08800 50 -15
08800 55 -15
08800 60 -15
09000 15 -15
09000 20 -15
09000 25 -15
09000 30 -15
09000 35 -15
09000 40 -15
09000 45 -15
09000 50 -15
09000 55 -15
09000 60 -15
09200 15 -15
09200 20 -15
09200 25 -15
09200 30 -15
09200 35 -15
09200 40 -15
09200 45 -15
09200 50 -15
09200 55 -15
09200 60 -15
09400 15 -15
09400 20 -15
09400 25 -15
09400 30 -15
09400 35 -15
09400 40 -15
09400 45 -15
09400 50 -15
09400 55 -15
09400 60 -15
09600 20 -15
09600 25 -15
09600 30 -15
09600 35 -15
09600 40 -15
09600 45 -15
09600 50 -15
09600 55 -15
09600 60 -15
09800 20 -15
09800 25 -15
09800 30 -15
09800 35 -15
09800 40 -15
09800 45 -15
09800 50 -15
09800 55 -15
09800 60 -15
10000 20 -15
10000 25 -15
10000 30 -15
10000 35 -15
10000 40 -15
10000 45 -15
10000 50 -15
10000 55 -15
10000 60 -15
10200 20 -15
10200 25 -15
10200 30 -15
10200 35 -15
10200 40 -15
10200 45 -15
10200 50 -15
10200 55 -15
10200 60 -15
10400 20 -15
10400 25 -15
10400 30 -15
10400 35 -15
10400 40 -15
10400 45 -15
10400 50 -15
10400 55 -15
10400 60 -15
10600 20 -15
10600 25 -15
10600 30 -15
10600 35 -15
10600 40 -15
10600 45 -15
10600 50 -15
10600 55 -15
10600 60 -15
10800 20 -15
10800 25 -15
10800 30 -15
10800 35 -15
10800 40 -15
10800 45 -15
10800 50 -15
10800 55 -15
10800 60 -15
11000 20 -15
11000 25 -15
11000 30 -15
11000 35 -15
11000 40 -15
11000 45 -15
11000 50 -15
11000 55 -15
11000 60 -15
11200 20 -15
11200 25 -15
11200 30 -15
11200 35 -15
11200 40 -15
11200 45 -15
11200 50 -15
11200 55 -15
11200 60 -15
11400 20 -15
11400 25 -15
11400 30 -15
11400 35 -15
11400 40 -15
11400 45 -15
11400 50 -15
11400 55 -15
11400 60 -15
11600 20 -15
11600 25 -15
11600 30 -15
11600 35 -15
11600 40 -15
11600 45 -15
11600 50 -15
11600 60 -15
11800 20 -15
11800 25 -15
11800 30 -15
11800 35 -15
11800 40 -15
11800 45 -15
11800 50 -15
11800 55 -15
11800 60 -15
12000 20 -15
12000 25 -15
12000 30 -15
12000 35 -15
12000 40 -15
12000 45 -15
12000 50 -15
12000 55 -15
12000 60 -15
02300 00 -10
02300 05 -10
02300 10 -10
02300 15 -10
02300 20 -10
02300 25 -10
02300 30 -10
02300 35 -10
02300 40 -10
02300 45 -10
02300 50 -10
02300 55 -10
02300 60 -10
02400 00 -10
02400 05 -10
02400 10 -10
02400 15 -10
02400 20 -10
02400 25 -10
02400 30 -10
02400 35 -10
02400 40 -10
02400 45 -10
02400 50 -10
02400 55 -10
02400 60 -10
02500 00 -10
02500 05 -10
02500 10 -10
02500 15 -10
02500 20 -10
02500 25 -10
02500 30 -10
02500 35 -10
02500 40 -10
02500 45 -10
02500 50 -10
02500 55 -10
02500 60 -10
02600 00 -10
02600 05 -10
02600 10 -10
02600 15 -10
02600 20 -10
02600 25 -10
02600 30 -10
02600 35 -10
02600 40 -10
02600 45 -10
02600 50 -10
02600 55 -10
02600 60 -10
02700 00 -10
02700 05 -10
02700 10 -10
02700 15 -10
02700 20 -10
02700 25 -10
02700 30 -10
02700 35 -10
02700 40 -10
02700 45 -10
02700 50 -10
02700 55 -10
02700 60 -10
02800 00 -10
02800 05 -10
02800 10 -10
02800 15 -10
02800 20 -10
02800 25 -10
02800 30 -10
02800 35 -10
02800 40 -10
02800 45 -10
02800 50 -10
02800 55 -10
02800 60 -10
02900 00 -10
02900 05 -10
02900 10 -10
02900 15 -10
02900 20 -10
02900 25 -10
02900 30 -10
02900 35 -10
02900 40 -10
02900 45 -10
02900 50 -10
02900 55 -10
02900 60 -10
03000 00 -10
03000 05 -10
03000 10 -10
03000 15 -10
03000 20 -10
03000 25 -10
03000 30 -10
03000 35 -10
03000 40 -10
03000 45 -10
03000 50 -10
03000 55 -10
03000 60 -10
03100 00 -10
03100 05 -10
03100 10 -10
03100 15 -10
03100 20 -10
03100 25 -10
03100 30 -10
03100 35 -10
03100 40 -10
03100 45 -10
03100 50 -10
03100 55 -10
03100 60 -10
03200 00 -10
03200 05 -10
03200 10 -10
03200 15 -10
03200 20 -10
03200 25 -10
03200 30 -10
03200 35 -10
03200 40 -10
03200 45 -10
03200 50 -10
03200 55 -10
03200 60 -10
03300 00 -10
03300 05 -10
03300 10 -10
03300 15 -10
03300 20 -10
03300 25 -10
03300 30 -10
03300 35 -10
03300 40 -10
03300 45 -10
03300 50 -10
03300 55 -10
03300 60 -10
03400 00 -10
03400 05 -10
03400 10 -10
03400 15 -10
03400 20 -10
03400 25 -10
03400 30 -10
03400 35 -10
03400 40 -10
03400 45 -10
03400 55 -10
03400 60 -10
03500 00 -10
03500 05 -10
03500 10 -10
03500 15 -10
03500 20 -10
03500 25 -10
03500 30 -10
03500 35 -10
03500 40 -10
03500 45 -10
03500 50 -10
03500 55 -10
03500 60 -10
03600 00 -10
03600 05 -10
03600 10 -10
03600 15 -10
03600 20 -10
03600 25 -10
03600 30 -10
03600 35 -10
03600 40 -10
03600 45 -10
03600 50 -10
03600 55 -10
03600 60 -10
03700 00 -10
03700 05 -10
03700 10 -10
03700 15 -10
03700 20 -10
03700 25 -10
03700 30 -10
03700 35 -10
03700 40 -10
03700 45 -10
03700 50 -10
03700 55 -10
03700 60 -10
03800 00 -10
03800 05 -10
03800 10 -10
03800 15 -10
03800 20 -10
03800 25 -10
03800 30 -10
03800 35 -10
03800 40 -10
03800 45 -10
03800 50 -10
03800 55 -10
03800 60 -10
03900 00 -10
03900 05 -10
03900 10 -10
03900 15 -10
03900 20 -10
03900 30 -10
03900 35 -10
03900 40 -10
03900 45 -10
03900 50 -10
03900 55 -10
03900 60 -10
04000 00 -10
04000 05 -10
04000 10 -10
04000 15 -10
04000 20 -10
04000 25 -10
04000 30 -10
04000 35 -10
04000 40 -10
04000 45 -10
04000 50 -10
04000 55 -10
04000 60 -10
04100 00 -10
04100 05 -10
04100 15 -10
04100 20 -10
04100 25 -10
04100 35 -10
04100 40 -10
04100 45 -10
04100 50 -10
04100 55 -10
04100 60 -10
04200 00 -10
04200 05 -10
04200 10 -10
04200 15 -10
04200 20 -10
04200 25 -10
04200 30 -10
04200 35 -10
04200 40 -10
04200 45 -10
04200 50 -10
04200 55 -10
04200 60 -10
04300 00 -10
04300 05 -10
04300 10 -10
04300 20 -10
04300 25 -10
04300 30 -10
04300 35 -10
04300 40 -10
04300 45 -10
04300 50 -10
04300 55 -10
04300 60 -10
04400 00 -10
04400 05 -10
04400 10 -10
04400 15 -10
04400 20 -10
04400 25 -10
04400 30 -10
04400 35 -10
04400 40 -10
04400 45 -10
04400 50 -10
04400 55 -10
04400 60 -10
04500 00 -10
04500 05 -10
04500 10 -10
04500 15 -10
04500 20 -10
04500 30 -10
04500 35 -10
04500 40 -10
04500 50 -10
04500 55 -10
04500 60 -10
04600 00 -10
04600 05 -10
04600 10 -10
04600 15 -10
04600 25 -10
04600 30 -10
04600 35 -10
04600 40 -10
04600 45 -10
04600 55 -10
04600 60 -10
04700 05 -10
04700 10 -10
04700 20 -10
04700 25 -10
04700 30 -10
04700 35 -10
04700 40 -10
04700 45 -10
04700 50 -10
04700 55 -10
04700 60 -10
04800 00 -10
04800 05 -10
04800 10 -10
04800 15 -10
04800 20 -10
04800 25 -10
04800 30 -10
04800 35 -10
04800 40 -10
04800 45 -10
04800 55 -10
04800 60 -10
04900 00 -10
04900 05 -10
04900 10 -10
04900 15 -10
04900 20 -10
04900 25 -10
04900 30 -10
04900 35 -10
04900 40 -10
04900 45 -10
04900 50 -10
04900 55 -10
04900 60 -10
05100 00 -10
05100 05 -10
05100 10 -10
05100 15 -10
05100 20 -10
05100 25 -10
05100 30 -10
05100 35 -10
05100 40 -10
05100 45 -10
05100 50 -10
05100 55 -10
05100 60 -10
05200 00 -10
05200 05 -10
05200 10 -10
05200 15 -10
05200 20 -10
05200 25 -10
05200 30 -10
05200 35 -10
05200 40 -10
05200 45 -10
05200 50 -10
05200 55 -10
05200 60 -10
05300 00 -10
05300 05 -10
05300 15 -10
05300 25 -10
05300 30 -10
05300 35 -10
05300 40 -10
05300 45 -10
05300 50 -10
05300 55 -10
05300 60 -10
05400 00 -10
05400 05 -10
05400 10 -10
05400 15 -10
05400 20 -10
05400 25 -10
05400 30 -10
05400 35 -10
05400 40 -10
05400 50 -10
05400 55 -10
05400 60 -10
05500 00 -10
05500 05 -10
05500 10 -10
05500 15 -10
05500 20 -10
05500 25 -10
05500 30 -10
05500 35 -10
05500 40 -10
05500 45 -10
05500 50 -10
05500 55 -10
05500 60 -10
05600 00 -10
05600 05 -10
05600 10 -10
05600 15 -10
05600 20 -10
05600 25 -10
05600 30 -10
05600 35 -10
05600 40 -10
05600 45 -10
05600 50 -10
05600 55 -10
05600 60 -10
05700 05 -10
05700 10 -10
05700 15 -10
05700 20 -10
05700 25 -10
05700 30 -10
05700 35 -10
05700 40 -10
05700 45 -10
05700 50 -10
05700 55 -10
05700 60 -10
05800 00 -10
05800 05 -10
05800 10 -10
05800 15 -10
05800 20 -10
05800 30 -10
05800 35 -10
05800 40 -10
05800 45 -10
05800 50 -10
05800 55 -10
05800 60 -10
05900 00 -10
05900 10 -10
05900 15 -10
05900 20 -10
05900 25 -10
05900 30 -10
05900 35 -10
05900 40 -10
05900 45 -10
05900 50 -10
05900 55 -10
05900 60 -10
06000 00 -10
06000 05 -10
06000 10 -10
06000 15 -10
06000 20 -10
06000 25 -10
06000 30 -10
06000 35 -10
06000 40 -10
06000 45 -10
06000 50 -10
06000 55 -10
06000 60 -10
06100 10 -10
06100 15 -10
06100 20 -10
06100 25 -10
06100 30 -10
06100 35 -10
06100 40 -10
06100 45 -10
06100 50 -10
06100 55 -10
06100 60 -10
06200 10 -10
06200 15 -10
06200 20 -10
06200 25 -10
06200 30 -10
06200 35 -10
06200 40 -10
06200 45 -10
06200 50 -10
06200 55 -10
06200 60 -10
06300 10 -10
06300 20 -10
06300 25 -10
06300 30 -10
06300 40 -10
06300 45 -10
06300 50 -10
06300 55 -10
06300 60 -10
06400 10 -10
06400 15 -10
06400 20 -10
06400 25 -10
06400 30 -10
06400 35 -10
06400 40 -10
06400 45 -10
06400 50 -10
06400 55 -10
06400 60 -10
06500 20 -10
06500 25 -10
06500 30 -10
06500 35 -10
06500 40 -10
06500 45 -10
06500 50 -10
06500 55 -10
06500 60 -10
06600 10 -10
06600 15 -10
06600 20 -10
06600 25 -10
06600 30 -10
06600 35 -10
06600 40 -10
06600 45 -10
06600 50 -10
06600 55 -10
06600 60 -10
06700 10 -10
06700 15 -10
06700 20 -10
06700 25 -10
06700 30 -10
06700 35 -10
06700 40 -10
06700 45 -10
06700 50 -10
06700 55 -10
06700 60 -10
06800 10 -10
06800 15 -10
06800 20 -10
06800 25 -10
06800 30 -10
06800 35 -10
06800 40 -10
06800 45 -10
06800 50 -10
06800 55 -10
06900 10 -10
06900 15 -10
06900 20 -10
06900 25 -10
06900 30 -10
06900 35 -10
06900 40 -10
06900 45 -10
06900 50 -10
06900 55 -10
06900 60 -10
07000 15 -10
07000 20 -10
07000 25 -10
07000 30 -10
07000 35 -10
07000 40 -10
07000 45 -10
07000 50 -10
07000 55 -10
07000 60 -10
07200 10 -10
07200 20 -10
07200 25 -10
07200 30 -10
07200 35 -10
07200 40 -10
07200 45 -10
07200 50 -10
07200 55 -10
07200 60 -10
07400 10 -10
07400 15 -10
07400 20 -10
07400 25 -10
07400 30 -10
07400 35 -10
07400 40 -10
07400 45 -10
07400 50 -10
07400 55 -10
07400 60 -10
07600 10 -10
07600 15 -10
07600 20 -10
07600 25 -10
07600 30 -10
07600 35 -10
07600 40 -10
07600 45 -10
07600 50 -10
07600 55 -10
07600 60 -10
07800 10 -10
07800 15 -10
07800 20 -10
07800 25 -10
07800 30 -10
07800 35 -10
07800 40 -10
07800 45 -10
07800 50 -10
07800 55 -10
08000 10 -10
08000 20 -10
08000 25 -10
08000 30 -10
08000 35 -10
08000 40 -10
08000 45 -10
08000 50 -10
08000 60 -10
08200 10 -10
08200 15 -10
08200 20 -10
08200 25 -10
08200 30 -10
08200 35 -10
08200 40 -10
08200 45 -10
08200 50 -10
08200 55 -10
08200 60 -10
08400 15 -10
08400 20 -10
08400 25 -10
08400 30 -10
08400 35 -10
08400 40 -10
08400 45 -10
08400 50 -10
08400 55 -10
08400 60 -10
08600 15 -10
08600 20 -10
08600 25 -10
08600 30 -10
08600 35 -10
08600 40 -10
08600 45 -10
08600 50 -10
08600 55 -10
08600 60 -10
08800 15 -10
08800 20 -10
08800 25 -10
08800 30 -10
08800 35 -10
08800 40 -10
08800 45 -10
08800 50 -10
08800 55 -10
08800 60 -10
09000 15 -10
09000 20 -10
09000 25 -10
09000 30 -10
09000 35 -10
09000 40 -10
09000 45 -10
09000 55 -10
09000 60 -10
09200 15 -10
09200 20 -10
09200 25 -10
09200 30 -10
09200 35 -10
09200 45 -10
09200 50 -10
09200 55 -10
09200 60 -10
09400 15 -10
09400 20 -10
09400 25 -10
09400 30 -10
09400 35 -10
09400 40 -10
09400 45 -10
09400 50 -10
09400 55 -10
09400 60 -10
09600 20 -10
09600 25 -10
09600 30 -10
09600 35 -10
09600 40 -10
09600 45 -10
09600 50 -10
09600 55 -10
09600 60 -10
09800 20 -10
09800 25 -10
09800 30 -10
09800 35 -10
09800 40 -10
09800 45 -10
09800 50 -10
09800 55 -10
09800 60 -10
10000 20 -10
10000 25 -10
10000 30 -10
10000 35 -10
10000 40 -10
10000 45 -10
10000 50 -10
10000 60 -10
10200 20 -10
10200 25 -10
10200 30 -10
10200 35 -10
10200 40 -10
10200 45 -10
10200 50 -10
10200 55 -10
10200 60 -10
10400 20 -10
10400 25 -10
10400 30 -10
10400 35 -10
10400 40 -10
10400 50 -10
10400 55 -10
10400 60 -10
10600 20 -10
10600 25 -10
10600 30 -10
10600 35 -10
10600 40 -10
10600 45 -10
10600 50 -10
10600 55 -10
10600 60 -10
10800 25 -10
10800 30 -10
10800 35 -10
10800 40 -10
10800 50 -10
10800 55 -10
10800 60 -10
11000 20 -10
11000 25 -10
11000 30 -10
11000 35 -10
11000 40 -10
11000 45 -10
11000 50 -10
11000 55 -10
11000 60 -10
11200 20 -10
11200 25 -10
11200 35 -10
11200 40 -10
11200 45 -10
11200 50 -10
11200 55 -10
11200 60 -10
11400 20 -10
11400 30 -10
11400 35 -10
11400 40 -10
11400 45 -10
11400 50 -10
11400 55 -10
11400 60 -10
11600 20 -10
11600 25 -10
11600 30 -10
11600 35 -10
11600 40 -10
11600 45 -10
11600 50 -10
11600 60 -10
11800 20 -10
11800 25 -10
11800 30 -10
11800 35 -10
11800 40 -10
11800 45 -10
11800 50 -10
11800 55 -10
11800 60 -10
12000 20 -10
12000 25 -10
12000 35 -10
12000 40 -10
12000 45 -10
12000 50 -10
12000 55 -10
12000 60 -10
02300 00 -20
02300 05 -20
02300 10 -20
02300 15 -20
02300 20 -20
02300 25 -20
02300 30 -20
02300 35 -20
02300 40 -20
02300 45 -20
02300 50 -20
02300 55 -20
02300 60 -20
02400 00 -20
02400 05 -20
02400 10 -20
02400 15 -20
02400 20 -20
02400 25 -20
02400 30 -20
02400 40 -20
02400 45 -20
02400 50 -20
02400 55 -20
02400 60 -20
02500 00 -20
02500 05 -20
02500 10 -20
02500 15 -20
02500 20 -20
02500 25 -20
02500 30 -20
02500 35 -20
02500 40 -20
02500 45 -20
02500 50 -20
02500 55 -20
02500 60 -20
02600 00 -20
02600 05 -20
02600 10 -20
02600 15 -20
02600 20 -20
02600 25 -20
02600 30 -20
02600 35 -20
02600 40 -20
02600 45 -20
02600 50 -20
02600 55 -20
02600 60 -20
02700 00 -20
02700 05 -20
02700 10 -20
02700 15 -20
02700 20 -20
02700 25 -20
02700 30 -20
02700 35 -20
02700 40 -20
02700 45 -20
02700 50 -20
02700 55 -20
02700 60 -20
02800 00 -20
02800 05 -20
02800 10 -20
02800 15 -20
02800 20 -20
02800 25 -20
02800 30 -20
02800 35 -20
02800 40 -20
02800 45 -20
02800 50 -20
02800 55 -20
02800 60 -20
02900 00 -20
02900 05 -20
02900 10 -20
02900 15 -20
02900 20 -20
02900 25 -20
02900 30 -20
02900 35 -20
02900 40 -20
02900 45 -20
02900 50 -20
02900 55 -20
02900 60 -20
03000 00 -20
03000 05 -20
03000 10 -20
03000 15 -20
03000 20 -20
03000 25 -20
03000 30 -20
03000 35 -20
03000 40 -20
03000 45 -20
03000 50 -20
03000 55 -20
03000 60 -20
03100 00 -20
03100 05 -20
03100 10 -20
03100 15 -20
03100 20 -20
03100 25 -20
03100 30 -20
03100 35 -20
03100 40 -20
03100 45 -20
03100 50 -20
03100 55 -20
03100 60 -20
03200 00 -20
03200 05 -20
03200 10 -20
03200 15 -20
03200 20 -20
03200 25 -20
03200 30 -20
03200 35 -20
03200 40 -20
03200 45 -20
03200 50 -20
03200 55 -20
03200 60 -20
03300 00 -20
03300 05 -20
03300 10 -20
03300 15 -20
03300 20 -20
03300 25 -20
03300 30 -20
03300 35 -20
03300 40 -20
03300 45 -20
03300 50 -20
03300 55 -20
03300 60 -20
03400 00 -20
03400 05 -20
03400 10 -20
03400 15 -20
03400 20 -20
03400 25 -20
03400 30 -20
03400 35 -20
03400 40 -20
03400 45 -20
03400 50 -20
03400 55 -20
03400 60 -20
03500 00 -20
03500 05 -20
03500 10 -20
03500 15 -20
03500 20 -20
03500 25 -20
03500 30 -20
03500 35 -20
03500 40 -20
03500 45 -20
03500 50 -20
03500 55 -20
03500 60 -20
03600 00 -20
03600 05 -20
03600 10 -20
03600 15 -20
03600 20 -20
03600 25 -20
03600 30 -20
03600 35 -20
03600 40 -20
03600 45 -20
03600 50 -20
03600 55 -20
03600 60 -20
03700 00 -20
03700 05 -20
03700 10 -20
03700 15 -20
03700 20 -20
03700 25 -20
03700 30 -20
03700 35 -20
03700 40 -20
03700 45 -20
03700 50 -20
03700 55 -20
03700 60 -20
03800 00 -20
03800 05 -20
03800 10 -20
03800 15 -20
03800 20 -20
03800 25 -20
03800 30 -20
03800 35 -20
03800 40 -20
03800 45 -20
03800 55 -20
03800 60 -20
03900 00 -20
03900 05 -20
03900 10 -20
03900 15 -20
03900 20 -20
03900 25 -20
03900 30 -20
03900 35 -20
03900 40 -20
03900 45 -20
03900 50 -20
03900 55 -20
03900 60 -20
04000 00 -20
04000 05 -20
04000 10 -20
04000 15 -20
04000 20 -20
04000 25 -20
04000 30 -20
04000 35 -20
04000 40 -20
04000 45 -20
04000 50 -20
04000 55 -20
04000 60 -20
04100 00 -20
04100 05 -20
04100 10 -20
04100 15 -20
04100 20 -20
04100 25 -20
04100 30 -20
04100 35 -20
04100 40 -20
04100 45 -20
04100 50 -20
04100 55 -20
04100 60 -20
04200 00 -20
04200 05 -20
04200 10 -20
04200 15 -20
04200 20 -20
04200 25 -20
04200 30 -20
04200 35 -20
04200 40 -20
04200 45 -20
04200 50 -20
04200 55 -20
04200 60 -20
04300 00 -20
04300 05 -20
04300 10 -20
04300 15 -20
04300 20 -20
04300 25 -20
04300 30 -20
04300 35 -20
04300 40 -20
04300 45 -20
04300 50 -20
04300 55 -20
04300 60 -20
04400 00 -20
04400 05 -20
04400 10 -20
04400 15 -20
04400 20 -20
04400 25 -20
04400 30 -20
04400 35 -20
04400 40 -20
04400 45 -20
04400 50 -20
04400 55 -20
04400 60 -20
04500 00 -20
04500 05 -20
04500 10 -20
04500 15 -20
04500 20 -20
04500 25 -20
04500 30 -20
04500 35 -20
04500 40 -20
04500 45 -20
04500 50 -20
04500 55 -20
04500 60 -20
04600 00 -20
04600 05 -20
04600 10 -20
04600 15 -20
04600 20 -20
04600 25 -20
04600 30 -20
04600 35 -20
04600 40 -20
04600 45 -20
04600 50 -20
04600 55 -20
04600 60 -20
04700 00 -20
04700 05 -20
04700 10 -20
04700 15 -20
04700 20 -20
04700 25 -20
04700 30 -20
04700 35 -20
04700 40 -20
04700 45 -20
04700 50 -20
04700 55 -20
04700 60 -20
04800 00 -20
04800 05 -20
04800 10 -20
04800 15 -20
04800 20 -20
04800 25 -20
04800 30 -20
04800 35 -20
04800 40 -20
04800 45 -20
04800 50 -20
04800 55 -20
04800 60 -20
04900 00 -20
04900 05 -20
04900 10 -20
04900 15 -20
04900 20 -20
04900 25 -20
04900 30 -20
04900 35 -20
04900 40 -20
04900 45 -20
04900 50 -20
04900 55 -20
04900 60 -20
05100 00 -20
05100 05 -20
05100 10 -20
05100 15 -20
05100 20 -20
05100 25 -20
05100 30 -20
05100 35 -20
05100 40 -20
05100 45 -20
05100 50 -20
05100 55 -20
05100 60 -20
05200 00 -20
05200 05 -20
05200 10 -20
05200 15 -20
05200 20 -20
05200 25 -20
05200 30 -20
05200 35 -20
05200 40 -20
05200 45 -20
05200 50 -20
05200 55 -20
05200 60 -20
05300 05 -20
05300 10 -20
05300 15 -20
05300 20 -20
05300 25 -20
05300 30 -20
05300 35 -20
05300 40 -20
05300 45 -20
05300 50 -20
05300 55 -20
05300 60 -20
05400 00 -20
05400 05 -20
05400 10 -20
05400 15 -20
05400 20 -20
05400 25 -20
05400 30 -20
05400 35 -20
05400 40 -20
05400 45 -20
05400 50 -20
05400 55 -20
05400 60 -20
05500 00 -20
05500 05 -20
05500 10 -20
05500 15 -20
05500 20 -20
05500 25 -20
05500 30 -20
05500 35 -20
05500 40 -20
05500 45 -20
05500 50 -20
05500 55 -20
05500 60 -20
05600 00 -20
05600 05 -20
05600 10 -20
05600 15 -20
05600 20 -20
05600 25 -20
05600 30 -20
05600 35 -20
05600 40 -20
05600 45 -20
05600 50 -20
05600 55 -20
05600 60 -20
05700 00 -20
05700 05 -20
05700 10 -20
05700 15 -20
05700 20 -20
05700 25 -20
05700 30 -20
05700 35 -20
05700 40 -20
05700 45 -20
05700 50 -20
05700 55 -20
05700 60 -20
05800 00 -20
05800 05 -20
05800 10 -20
05800 15 -20
05800 20 -20
05800 25 -20
05800 30 -20
05800 35 -20
05800 40 -20
05800 45 -20
05800 55 -20
05800 60 -20
05900 00 -20
05900 05 -20
05900 10 -20
05900 15 -20
05900 20 -20
05900 25 -20
05900 30 -20
05900 35 -20
05900 40 -20
05900 45 -20
05900 50 -20
05900 55 -20
05900 60 -20
06000 00 -20
06000 05 -20
06000 10 -20
06000 15 -20
06000 25 -20
06000 30 -20
06000 35 -20
06000 40 -20
06000 45 -20
06000 50 -20
06000 55 -20
06000 60 -20
06100 10 -20
06100 15 -20
06100 20 -20
06100 25 -20
06100 30 -20
06100 35 -20
06100 40 -20
06100 45 -20
06100 50 -20
06100 55 -20
06100 60 -20
06200 10 -20
06200 15 -20
06200 20 -20
06200 25 -20
06200 30 -20
06200 35 -20
06200 40 -20
06200 45 -20
06200 50 -20
06200 55 -20
06200 60 -20
06300 10 -20
06300 15 -20
06300 20 -20
06300 25 -20
06300 30 -20
06300 35 -20
06300 40 -20
06300 45 -20
06300 50 -20
06300 55 -20
06300 60 -20
06400 10 -20
06400 15 -20
06400 20 -20
06400 25 -20
06400 30 -20
06400 35 -20
06400 40 -20
06400 45 -20
06400 50 -20
06400 55 -20
06400 60 -20
06500 10 -20
06500 15 -20
06500 20 -20
06500 25 -20
06500 30 -20
06500 35 -20
06500 40 -20
06500 45 -20
06500 50 -20
06500 55 -20
06500 60 -20
06600 10 -20
06600 15 -20
06600 20 -20
06600 25 -20
06600 30 -20
06600 35 -20
06600 40 -20
06600 45 -20
06600 50 -20
06600 55 -20
06600 60 -20
06700 10 -20
06700 15 -20
06700 20 -20
06700 25 -20
06700 30 -20
06700 35 -20
06700 40 -20
06700 45 -20
06700 50 -20
06700 55 -20
06700 60 -20
06800 10 -20
06800 15 -20
06800 20 -20
06800 25 -20
06800 30 -20
06800 35 -20
06800 40 -20
06800 45 -20
06800 50 -20
06800 55 -20
06800 60 -20
06900 10 -20
06900 15 -20
06900 20 -20
06900 25 -20
06900 30 -20
06900 35 -20
06900 40 -20
06900 45 -20
06900 50 -20
06900 55 -20
07000 10 -20
07000 15 -20
07000 20 -20
07000 25 -20
07000 30 -20
07000 35 -20
07000 40 -20
07000 45 -20
07000 50 -20
07000 55 -20
07000 60 -20
07200 10 -20
07200 15 -20
07200 20 -20
07200 25 -20
07200 30 -20
07200 35 -20
07200 40 -20
07200 45 -20
07200 50 -20
07200 55 -20
07200 60 -20
07400 10 -20
07400 15 -20
07400 25 -20
07400 35 -20
07400 40 -20
07400 45 -20
07400 50 -20
07400 55 -20
07400 60 -20
07600 10 -20
07600 15 -20
07600 20 -20
07600 25 -20
07600 30 -20
07600 35 -20
07600 40 -20
07600 45 -20
07600 50 -20
07600 55 -20
07600 60 -20
07800 10 -20
07800 15 -20
07800 20 -20
07800 25 -20
07800 30 -20
07800 35 -20
07800 40 -20
07800 45 -20
07800 50 -20
07800 55 -20
07800 60 -20
08000 10 -20
08000 15 -20
08000 20 -20
08000 25 -20
08000 30 -20
08000 35 -20
08000 40 -20
08000 45 -20
08000 50 -20
08000 55 -20
08000 60 -20
08200 10 -20
08200 15 -20
08200 20 -20
08200 25 -20
08200 30 -20
08200 35 -20
08200 40 -20
08200 45 -20
08200 50 -20
08200 55 -20
08200 60 -20
08400 15 -20
08400 20 -20
08400 25 -20
08400 30 -20
08400 35 -20
08400 40 -20
08400 45 -20
08400 50 -20
08400 55 -20
08400 60 -20
08600 15 -20
08600 20 -20
08600 25 -20
08600 30 -20
08600 35 -20
08600 40 -20
08600 45 -20
08600 50 -20
08600 55 -20
08600 60 -20
08800 15 -20
08800 20 -20
08800 25 -20
08800 30 -20
08800 35 -20
08800 40 -20
08800 45 -20
08800 50 -20
08800 55 -20
08800 60 -20
09000 15 -20
09000 20 -20
09000 25 -20
09000 30 -20
09000 35 -20
09000 40 -20
09000 45 -20
09000 50 -20
09000 55 -20
09000 60 -20
09200 15 -20
09200 20 -20
09200 25 -20
09200 30 -20
09200 35 -20
09200 40 -20
09200 45 -20
09200 50 -20
09200 55 -20
09200 60 -20
09400 15 -20
09400 20 -20
09400 25 -20
09400 30 -20
09400 35 -20
09400 40 -20
09400 45 -20
09400 50 -20
09400 55 -20
09400 60 -20
09600 20 -20
09600 25 -20
09600 30 -20
09600 35 -20
09600 40 -20
09600 45 -20
09600 50 -20
09600 55 -20
09600 60 -20
09800 20 -20
09800 25 -20
09800 30 -20
09800 35 -20
09800 40 -20
09800 45 -20
09800 50 -20
09800 55 -20
09800 60 -20
10000 20 -20
10000 25 -20
10000 30 -20
10000 35 -20
10000 40 -20
10000 45 -20
10000 50 -20
10000 55 -20
10000 60 -20
10200 20 -20
10200 25 -20
10200 30 -20
10200 35 -20
10200 40 -20
10200 45 -20
10200 50 -20
10200 55 -20
10200 60 -20
10400 20 -20
10400 25 -20
10400 35 -20
10400 40 -20
10400 45 -20
10400 50 -20
10400 55 -20
10400 60 -20
10600 20 -20
10600 25 -20
10600 30 -20
10600 35 -20
10600 40 -20
10600 45 -20
10600 50 -20
10600 55 -20
10600 60 -20
10800 20 -20
10800 25 -20
10800 30 -20
10800 35 -20
10800 40 -20
10800 45 -20
10800 50 -20
10800 55 -20
10800 60 -20
11000 20 -20
11000 25 -20
11000 30 -20
11000 35 -20
11000 40 -20
11000 45 -20
11000 50 -20
11000 55 -20
11000 60 -20
11200 20 -20
11200 25 -20
11200 30 -20
11200 35 -20
11200 40 -20
11200 45 -20
11200 50 -20
11200 55 -20
11200 60 -20
11400 20 -20
11400 25 -20
11400 30 -20
11400 35 -20
11400 40 -20
11400 45 -20
11400 50 -20
11400 55 -20
11400 60 -20
11600 20 -20
11600 25 -20
11600 30 -20
11600 35 -20
11600 40 -20
11600 45 -20
11600 50 -20
11600 60 -20
11800 20 -20
11800 25 -20
11800 30 -20
11800 35 -20
11800 40 -20
11800 50 -20
11800 55 -20
11800 60 -20
12000 20 -20
12000 25 -20
12000 30 -20
12000 35 -20
12000 40 -20
12000 45 -20
12000 50 -20
12000 55 -20
12000 60 -20
02300 00 -30
02300 05 -30
02300 10 -30
02300 15 -30
02300 20 -30
02300 25 -30
02300 30 -30
02300 35 -30
02300 40 -30
02300 45 -30
02300 50 -30
02300 55 -30
02300 60 -30
02400 00 -30
02400 05 -30
02400 10 -30
02400 15 -30
02400 20 -30
02400 25 -30
02400 30 -30
02400 35 -30
02400 40 -30
02400 45 -30
02400 50 -30
02400 60 -30
02500 00 -30
02500 05 -30
02500 10 -30
02500 15 -30
02500 20 -30
02500 25 -30
02500 30 -30
02500 35 -30
02500 40 -30
02500 45 -30
02500 50 -30
02500 55 -30
02500 60 -30
02600 00 -30
02600 05 -30
02600 10 -30
02600 15 -30
02600 20 -30
02600 25 -30
02600 30 -30
02600 35 -30
02600 40 -30
02600 45 -30
02600 50 -30
02600 55 -30
02600 60 -30
02700 00 -30
02700 05 -30
02700 10 -30
02700 15 -30
02700 20 -30
02700 25 -30
02700 30 -30
02700 35 -30
02700 40 -30
02700 45 -30
02700 50 -30
02700 55 -30
02700 60 -30
02800 00 -30
02800 05 -30
02800 10 -30
02800 15 -30
02800 20 -30
02800 25 -30
02800 30 -30
02800 35 -30
02800 40 -30
02800 45 -30
02800 50 -30
02800 55 -30
02800 60 -30
02900 00 -30
02900 05 -30
02900 10 -30
02900 15 -30
02900 20 -30
02900 25 -30
02900 30 -30
02900 35 -30
02900 40 -30
02900 45 -30
02900 50 -30
02900 55 -30
02900 60 -30
03000 00 -30
03000 05 -30
03000 10 -30
03000 15 -30
03000 20 -30
03000 30 -30
03000 35 -30
03000 40 -30
03000 45 -30
03000 50 -30
03000 55 -30
03000 60 -30
03100 00 -30
03100 05 -30
03100 10 -30
03100 15 -30
03100 20 -30
03100 25 -30
03100 30 -30
03100 35 -30
03100 40 -30
03100 45 -30
03100 50 -30
03100 55 -30
03100 60 -30
03200 00 -30
03200 05 -30
03200 10 -30
03200 15 -30
03200 20 -30
03200 25 -30
03200 30 -30
03200 35 -30
03200 40 -30
03200 45 -30
03200 50 -30
03200 55 -30
03200 60 -30
03300 00 -30
03300 05 -30
03300 10 -30
03300 15 -30
03300 20 -30
03300 25 -30
03300 30 -30
03300 35 -30
03300 40 -30
03300 45 -30
03300 50 -30
03300 55 -30
03300 60 -30
03400 00 -30
03400 05 -30
03400 10 -30
03400 15 -30
03400 20 -30
03400 25 -30
03400 30 -30
03400 35 -30
03400 40 -30
03400 45 -30
03400 55 -30
03400 60 -30
03500 00 -30
03500 05 -30
03500 10 -30
03500 15 -30
03500 20 -30
03500 25 -30
03500 30 -30
03500 35 -30
03500 40 -30
03500 45 -30
03500 50 -30
03500 55 -30
03500 60 -30
03600 00 -30
03600 05 -30
03600 10 -30
03600 15 -30
03600 20 -30
03600 25 -30
03600 30 -30
03600 35 -30
03600 40 -30
03600 45 -30
03600 50 -30
03600 55 -30
03600 60 -30
03700 05 -30
03700 10 -30
03700 15 -30
03700 20 -30
03700 25 -30
03700 30 -30
03700 35 -30
03700 40 -30
03700 45 -30
03700 50 -30
03700 55 -30
03700 60 -30
03800 00 -30
03800 05 -30
03800 10 -30
03800 15 -30
03800 20 -30
03800 25 -30
03800 30 -30
03800 35 -30
03800 40 -30
03800 45 -30
03800 50 -30
03800 55 -30
03800 60 -30
03900 00 -30
03900 05 -30
03900 10 -30
03900 15 -30
03900 25 -30
03900 30 -30
03900 35 -30
03900 40 -30
03900 45 -30
03900 50 -30
03900 55 -30
03900 60 -30
04000 00 -30
04000 10 -30
04000 15 -30
04000 20 -30
04000 25 -30
04000 30 -30
04000 35 -30
04000 40 -30
04000 45 -30
04000 50 -30
04000 55 -30
04000 60 -30
04100 00 -30
04100 05 -30
04100 10 -30
04100 20 -30
04100 25 -30
04100 30 -30
04100 35 -30
04100 40 -30
04100 45 -30
04100 50 -30
04100 55 -30
04100 60 -30
04200 00 -30
04200 05 -30
04200 10 -30
04200 15 -30
04200 20 -30
04200 25 -30
04200 30 -30
04200 35 -30
04200 40 -30
04200 45 -30
04200 50 -30
04200 55 -30
04200 60 -30
04300 00 -30
04300 05 -30
04300 10 -30
04300 15 -30
04300 20 -30
04300 25 -30
04300 30 -30
04300 35 -30
04300 40 -30
04300 45 -30
04300 50 -30
04300 55 -30
04300 60 -30
04400 00 -30
04400 05 -30
04400 10 -30
04400 15 -30
04400 20 -30
04400 25 -30
04400 30 -30
04400 35 -30
04400 40 -30
04400 45 -30
04400 50 -30
04400 55 -30
04400 60 -30
04500 00 -30
04500 05 -30
04500 10 -30
04500 15 -30
04500 20 -30
04500 25 -30
04500 30 -30
04500 35 -30
04500 40 -30
04500 45 -30
04500 50 -30
04500 55 -30
04500 60 -30
04600 00 -30
04600 05 -30
04600 10 -30
04600 15 -30
04600 20 -30
04600 25 -30
04600 30 -30
04600 35 -30
04600 40 -30
04600 45 -30
04600 50 -30
04600 55 -30
04600 60 -30
04700 00 -30
04700 10 -30
04700 15 -30
04700 20 -30
04700 25 -30
04700 30 -30
04700 35 -30
04700 40 -30
04700 45 -30
04700 50 -30
04700 55 -30
04700 60 -30
04800 00 -30
04800 05 -30
04800 10 -30
04800 15 -30
04800 20 -30
04800 25 -30
04800 30 -30
04800 35 -30
04800 40 -30
04800 50 -30
04800 55 -30
04800 60 -30
04900 00 -30
04900 05 -30
04900 10 -30
04900 15 -30
04900 20 -30
04900 25 -30
04900 35 -30
04900 40 -30
04900 45 -30
04900 50 -30
04900 55 -30
04900 60 -30
05100 00 -30
05100 05 -30
05100 10 -30
05100 15 -30
05100 20 -30
05100 25 -30
05100 30 -30
05100 35 -30
05100 40 -30
05100 45 -30
05100 50 -30
05100 60 -30
05200 00 -30
05200 05 -30
05200 10 -30
05200 15 -30
05200 20 -30
05200 25 -30
05200 30 -30
05200 35 -30
05200 40 -30
05200 45 -30
05200 50 -30
05200 55 -30
05200 60 -30
05300 00 -30
05300 05 -30
05300 10 -30
05300 15 -30
05300 20 -30
05300 25 -30
05300 30 -30
05300 35 -30
05300 40 -30
05300 45 -30
05300 50 -30
05300 55 -30
05300 60 -30
05400 00 -30
05400 05 -30
05400 10 -30
05400 15 -30
05400 20 -30
05400 25 -30
05400 30 -30
05400 35 -30
05400 40 -30
05400 45 -30
05400 50 -30
05400 55 -30
05400 60 -30
05500 05 -30
05500 10 -30
05500 15 -30
05500 20 -30
05500 25 -30
05500 30 -30
05500 35 -30
05500 40 -30
05500 45 -30
05500 50 -30
05500 55 -30
05500 60 -30
05600 00 -30
05600 05 -30
05600 10 -30
05600 15 -30
05600 20 -30
05600 25 -30
05600 30 -30
05600 35 -30
05600 40 -30
05600 45 -30
05600 50 -30
05600 55 -30
05600 60 -30
05700 00 -30
05700 05 -30
05700 10 -30
05700 15 -30
05700 20 -30
05700 25 -30
05700 30 -30
05700 35 -30
05700 40 -30
05700 45 -30
05700 50 -30
05700 55 -30
05700 60 -30
05800 00 -30
05800 05 -30
05800 10 -30
05800 15 -30
05800 20 -30
05800 25 -30
05800 30 -30
05800 35 -30
05800 40 -30
05800 45 -30
05800 50 -30
05800 55 -30
05800 60 -30
05900 05 -30
05900 10 -30
05900 15 -30
05900 20 -30
05900 25 -30
05900 30 -30
05900 35 -30
05900 40 -30
05900 45 -30
05900 50 -30
05900 55 -30
05900 60 -30
06000 00 -30
06000 10 -30
06000 15 -30
06000 20 -30
06000 25 -30
06000 30 -30
06000 35 -30
06000 40 -30
06000 45 -30
06000 50 -30
06000 55 -30
06000 60 -30
06100 05 -30
06100 10 -30
06100 15 -30
06100 20 -30
06100 25 -30
06100 30 -30
06100 35 -30
06100 40 -30
06100 45 -30
06100 50 -30
06100 55 -30
06100 60 -30
06200 10 -30
06200 15 -30
06200 20 -30
06200 25 -30
06200 30 -30
06200 35 -30
06200 40 -30
06200 45 -30
06200 50 -30
06200 55 -30
06200 60 -30
06300 10 -30
06300 15 -30
06300 20 -30
06300 25 -30
06300 30 -30
06300 35 -30
06300 40 -30
06300 45 -30
06300 50 -30
06300 55 -30
06300 60 -30
06400 10 -30
06400 15 -30
06400 20 -30
06400 25 -30
06400 30 -30
06400 35 -30
06400 40 -30
06400 45 -30
06400 50 -30
06400 55 -30
06400 60 -30
06500 15 -30
06500 20 -30
06500 25 -30
06500 30 -30
06500 35 -30
06500 40 -30
06500 45 -30
06500 50 -30
06500 55 -30
06500 60 -30
06600 10 -30
06600 20 -30
06600 25 -30
06600 30 -30
06600 35 -30
06600 40 -30
06600 45 -30
06600 50 -30
06600 55 -30
06600 60 -30
06700 10 -30
06700 15 -30
06700 20 -30
06700 25 -30
06700 30 -30
06700 35 -30
06700 40 -30
06700 45 -30
06700 50 -30
06700 55 -30
06700 60 -30
06800 10 -30
06800 15 -30
06800 20 -30
06800 30 -30
06800 35 -30
06800 40 -30
06800 45 -30
06800 50 -30
06800 55 -30
06800 60 -30
06900 10 -30
06900 15 -30
06900 20 -30
06900 25 -30
06900 30 -30
06900 35 -30
06900 40 -30
06900 45 -30
06900 50 -30
06900 55 -30
06900 60 -30
07000 10 -30
07000 20 -30
07000 25 -30
07000 30 -30
07000 35 -30
07000 40 -30
07000 45 -30
07000 50 -30
07000 55 -30
07200 10 -30
07200 15 -30
07200 20 -30
07200 25 -30
07200 30 -30
07200 35 -30
07200 40 -30
07200 45 -30
07200 50 -30
07200 55 -30
07200 60 -30
07400 10 -30
07400 20 -30
07400 25 -30
07400 30 -30
07400 35 -30
07400 40 -30
07400 45 -30
07400 50 -30
07400 55 -30
07400 60 -30
07600 10 -30
07600 15 -30
07600 20 -30
07600 25 -30
07600 30 -30
07600 35 -30
07600 40 -30
07600 45 -30
07600 50 -30
07600 55 -30
07600 60 -30
07800 10 -30
07800 15 -30
07800 20 -30
07800 25 -30
07800 30 -30
07800 35 -30
07800 40 -30
07800 45 -30
07800 50 -30
07800 55 -30
07800 60 -30
08000 10 -30
08000 15 -30
08000 20 -30
08000 25 -30
08000 30 -30
08000 35 -30
08000 40 -30
08000 45 -30
08000 50 -30
08000 55 -30
08000 60 -30
08200 10 -30
08200 15 -30
08200 20 -30
08200 25 -30
08200 30 -30
08200 35 -30
08200 40 -30
08200 45 -30
08200 50 -30
08200 55 -30
08200 60 -30
08400 15 -30
08400 20 -30
08400 25 -30
08400 30 -30
08400 35 -30
08400 40 -30
08400 50 -30
08400 55 -30
08400 60 -30
08600 15 -30
08600 20 -30
08600 25 -30
08600 30 -30
08600 35 -30
08600 40 -30
08600 45 -30
08600 55 -30
08600 60 -30
08800 15 -30
08800 20 -30
08800 25 -30
08800 30 -30
08800 35 -30
08800 40 -30
08800 45 -30
08800 50 -30
08800 55 -30
08800 60 -30
09000 15 -30
09000 20 -30
09000 25 -30
09000 30 -30
09000 35 -30
09000 40 -30
09000 45 -30
09000 50 -30
09000 55 -30
09000 60 -30
09200 15 -30
09200 20 -30
09200 25 -30
09200 30 -30
09200 35 -30
09200 40 -30
09200 45 -30
09200 50 -30
09200 55 -30
09200 60 -30
09400 15 -30
09400 20 -30
09400 25 -30
09400 30 -30
09400 35 -30
09400 40 -30
09400 45 -30
09400 50 -30
09400 55 -30
09400 60 -30
09600 20 -30
09600 25 -30
09600 30 -30
09600 35 -30
09600 40 -30
09600 50 -30
09600 55 -30
09600 60 -30
09800 20 -30
09800 25 -30
09800 30 -30
09800 35 -30
09800 40 -30
09800 45 -30
09800 50 -30
09800 60 -30
10000 20 -30
10000 25 -30
10000 30 -30
10000 35 -30
10000 40 -30
10000 45 -30
10000 50 -30
10000 55 -30
10000 60 -30
10200 20 -30
10200 25 -30
10200 30 -30
10200 35 -30
10200 40 -30
10200 45 -30
10200 50 -30
10200 55 -30
10200 60 -30
10400 20 -30
10400 25 -30
10400 30 -30
10400 35 -30
10400 40 -30
10400 45 -30
10400 50 -30
10400 55 -30
10400 60 -30
10600 20 -30
10600 25 -30
10600 30 -30
10600 35 -30
10600 40 -30
10600 45 -30
10600 50 -30
10600 55 -30
10600 60 -30
10800 20 -30
10800 25 -30
10800 30 -30
10800 35 -30
10800 40 -30
10800 45 -30
10800 50 -30
10800 55 -30
10800 60 -30
11000 20 -30
11000 25 -30
11000 30 -30
11000 35 -30
11000 40 -30
11000 45 -30
11000 50 -30
11000 55 -30
11000 60 -30
11200 20 -30
11200 25 -30
11200 30 -30
11200 35 -30
11200 40 -30
11200 45 -30
11200 50 -30
11200 55 -30
11200 60 -30
11400 20 -30
11400 25 -30
11400 30 -30
11400 35 -30
11400 40 -30
11400 45 -30
11400 50 -30
11400 55 -30
11400 60 -30
11600 20 -30
11600 25 -30
11600 30 -30
11600 35 -30
11600 40 -30
11600 45 -30
11600 50 -30
11600 60 -30
11800 20 -30
11800 25 -30
11800 30 -30
11800 35 -30
11800 40 -30
11800 45 -30
11800 50 -30
11800 55 -30
11800 60 -30
12000 20 -30
12000 25 -30
12000 30 -30
12000 35 -30
12000 40 -30
12000 45 -30
12000 50 -30
12000 55 -30
12000 60 -30
02300 00 -40
02300 05 -40
02300 10 -40
02300 15 -40
02300 20 -40
02300 25 -40
02300 30 -40
02300 35 -40
02300 40 -40
02300 45 -40
02300 50 -40
02300 55 -40
02300 60 -40
02400 00 -40
02400 05 -40
02400 10 -40
02400 15 -40
02400 20 -40
02400 25 -40
02400 30 -40
02400 35 -40
02400 40 -40
02400 45 -40
02400 50 -40
02400 55 -40
02400 60 -40
02500 00 -40
02500 05 -40
02500 10 -40
02500 15 -40
02500 20 -40
02500 25 -40
02500 30 -40
02500 35 -40
02500 40 -40
02500 45 -40
02500 50 -40
02500 55 -40
02500 60 -40
02600 00 -40
02600 05 -40
02600 10 -40
02600 15 -40
02600 20 -40
02600 25 -40
02600 30 -40
02600 35 -40
02600 40 -40
02600 45 -40
02600 50 -40
02600 55 -40
02600 60 -40
02700 00 -40
02700 05 -40
02700 10 -40
02700 15 -40
02700 20 -40
02700 25 -40
02700 30 -40
02700 35 -40
02700 40 -40
02700 45 -40
02700 50 -40
02700 55 -40
02700 60 -40
02800 00 -40
02800 05 -40
02800 10 -40
02800 15 -40
02800 20 -40
02800 25 -40
02800 30 -40
02800 35 -40
02800 40 -40
02800 45 -40
02800 50 -40
02800 55 -40
02800 60 -40
02900 00 -40
02900 05 -40
02900 10 -40
02900 15 -40
02900 20 -40
02900 25 -40
02900 30 -40
02900 35 -40
02900 40 -40
02900 45 -40
02900 50 -40
02900 55 -40
02900 60 -40
03000 00 -40
03000 05 -40
03000 10 -40
03000 15 -40
03000 20 -40
03000 25 -40
03000 30 -40
03000 35 -40
03000 40 -40
03000 45 -40
03000 50 -40
03000 55 -40
03000 60 -40
03100 00 -40
03100 05 -40
03100 10 -40
03100 15 -40
03100 20 -40
03100 25 -40
03100 30 -40
03100 35 -40
03100 40 -40
03100 45 -40
03100 50 -40
03100 55 -40
03100 60 -40
03200 00 -40
03200 05 -40
03200 10 -40
03200 15 -40
03200 20 -40
03200 25 -40
03200 30 -40
03200 35 -40
03200 40 -40
03200 45 -40
03200 50 -40
03200 55 -40
03200 60 -40
03300 00 -40
03300 05 -40
03300 10 -40
03300 15 -40
03300 20 -40
03300 25 -40
03300 30 -40
03300 35 -40
03300 40 -40
03300 45 -40
03300 50 -40
03300 55 -40
03300 60 -40
03400 00 -40
03400 05 -40
03400 10 -40
03400 15 -40
03400 20 -40
03400 25 -40
03400 30 -40
03400 35 -40
03400 40 -40
03400 45 -40
03400 50 -40
03400 55 -40
03400 60 -40
03500 00 -40
03500 05 -40
03500 10 -40
03500 15 -40
03500 20 -40
03500 25 -40
03500 30 -40
03500 35 -40
03500 40 -40
03500 45 -40
03500 50 -40
03500 55 -40
03500 60 -40
03600 00 -40
03600 05 -40
03600 10 -40
03600 15 -40
03600 20 -40
03600 25 -40
03600 30 -40
03600 35 -40
03600 40 -40
03600 45 -40
03600 50 -40
03600 55 -40
03600 60 -40
03700 00 -40
03700 05 -40
03700 10 -40
03700 15 -40
03700 20 -40
03700 25 -40
03700 30 -40
03700 35 -40
03700 40 -40
03700 45 -40
03700 50 -40
03700 55 -40
03700 60 -40
03800 00 -40
03800 05 -40
03800 10 -40
03800 15 -40
03800 20 -40
03800 25 -40
03800 30 -40
03800 35 -40
03800 40 -40
03800 45 -40
03800 50 -40
03800 55 -40
03800 60 -40
03900 00 -40
03900 05 -40
03900 10 -40
03900 15 -40
03900 20 -40
03900 25 -40
03900 30 -40
03900 35 -40
03900 40 -40
03900 45 -40
03900 50 -40
03900 55 -40
03900 60 -40
04000 00 -40
04000 05 -40
04000 10 -40
04000 15 -40
04000 20 -40
04000 25 -40
04000 30 -40
04000 35 -40
04000 40 -40
04000 45 -40
04000 50 -40
04000 55 -40
04000 60 -40
04100 00 -40
04100 05 -40
04100 10 -40
04100 15 -40
04100 20 -40
04100 25 -40
04100 30 -40
04100 35 -40
04100 40 -40
04100 45 -40
04100 50 -40
04100 55 -40
04100 60 -40
04200 00 -40
04200 05 -40
04200 10 -40
04200 15 -40
04200 25 -40
04200 30 -40
04200 35 -40
04200 45 -40
04200 50 -40
04200 55 -40
04200 60 -40
04300 00 -40
04300 05 -40
04300 15 -40
04300 20 -40
04300 25 -40
04300 30 -40
04300 35 -40
04300 40 -40
04300 45 -40
04300 50 -40
04300 55 -40
04300 60 -40
04400 00 -40
04400 05 -40
04400 10 -40
04400 15 -40
04400 20 -40
04400 25 -40
04400 30 -40
04400 35 -40
04400 40 -40
04400 45 -40
04400 50 -40
04400 55 -40
04400 60 -40
04500 00 -40
04500 05 -40
04500 10 -40
04500 15 -40
04500 20 -40
04500 25 -40
04500 30 -40
04500 35 -40
04500 40 -40
04500 45 -40
04500 50 -40
04500 55 -40
04500 60 -40
04600 10 -40
04600 15 -40
04600 20 -40
04600 25 -40
04600 30 -40
04600 35 -40
04600 40 -40
04600 45 -40
04600 50 -40
04600 55 -40
04600 60 -40
04700 05 -40
04700 10 -40
04700 15 -40
04700 20 -40
04700 25 -40
04700 30 -40
04700 35 -40
04700 40 -40
04700 45 -40
04700 50 -40
04700 55 -40
04700 60 -40
04800 00 -40
04800 05 -40
04800 10 -40
04800 15 -40
04800 20 -40
04800 25 -40
04800 30 -40
04800 35 -40
04800 40 -40
04800 45 -40
04800 50 -40
04800 55 -40
04800 60 -40
04900 00 -40
04900 05 -40
04900 10 -40
04900 15 -40
04900 20 -40
04900 25 -40
04900 30 -40
04900 35 -40
04900 40 -40
04900 50 -40
04900 55 -40
04900 60 -40
05100 00 -40
05100 05 -40
05100 10 -40
05100 15 -40
05100 20 -40
05100 25 -40
05100 30 -40
05100 35 -40
05100 40 -40
05100 45 -40
05100 50 -40
05100 55 -40
05100 60 -40
05200 00 -40
05200 05 -40
05200 10 -40
05200 15 -40
05200 20 -40
05200 25 -40
05200 30 -40
05200 35 -40
05200 40 -40
05200 45 -40
05200 50 -40
05200 55 -40
05200 60 -40
05300 05 -40
05300 10 -40
05300 15 -40
05300 20 -40
05300 25 -40
05300 30 -40
05300 35 -40
05300 40 -40
05300 45 -40
05300 50 -40
05300 55 -40
05300 60 -40
05400 05 -40
05400 10 -40
05400 15 -40
05400 20 -40
05400 25 -40
05400 30 -40
05400 35 -40
05400 40 -40
05400 45 -40
05400 55 -40
05400 60 -40
05500 00 -40
05500 05 -40
05500 10 -40
05500 15 -40
05500 20 -40
05500 25 -40
05500 30 -40
05500 35 -40
05500 40 -40
05500 45 -40
05500 50 -40
05500 55 -40
05500 60 -40
05600 00 -40
05600 05 -40
05600 10 -40
05600 15 -40
05600 20 -40
05600 25 -40
05600 30 -40
05600 35 -40
05600 40 -40
05600 45 -40
05600 50 -40
05600 55 -40
05600 60 -40
05700 00 -40
05700 05 -40
05700 10 -40
05700 15 -40
05700 20 -40
05700 25 -40
05700 30 -40
05700 35 -40
05700 40 -40
05700 45 -40
05700 50 -40
05700 55 -40
05700 60 -40
05800 05 -40
05800 10 -40
05800 15 -40
05800 20 -40
05800 25 -40
05800 30 -40
05800 35 -40
05800 45 -40
05800 50 -40
05800 55 -40
05800 60 -40
05900 00 -40
05900 05 -40
05900 10 -40
05900 15 -40
05900 20 -40
05900 25 -40
05900 30 -40
05900 35 -40
05900 40 -40
05900 45 -40
05900 50 -40
05900 55 -40
05900 60 -40
06000 00 -40
06000 05 -40
06000 10 -40
06000 15 -40
06000 20 -40
06000 25 -40
06000 30 -40
06000 35 -40
06000 40 -40
06000 45 -40
06000 50 -40
06000 55 -40
06000 60 -40
06100 10 -40
06100 15 -40
06100 20 -40
06100 25 -40
06100 30 -40
06100 35 -40
06100 40 -40
06100 45 -40
06100 50 -40
06100 55 -40
06100 60 -40
06200 10 -40
06200 15 -40
06200 20 -40
06200 25 -40
06200 30 -40
06200 35 -40
06200 40 -40
06200 45 -40
06200 50 -40
06200 55 -40
06200 60 -40
06300 10 -40
06300 15 -40
06300 20 -40
06300 25 -40
06300 30 -40
06300 35 -40
06300 40 -40
06300 45 -40
06300 50 -40
06300 55 -40
06300 60 -40
06400 10 -40
06400 15 -40
06400 25 -40
06400 30 -40
06400 35 -40
06400 40 -40
06400 45 -40
06400 50 -40
06400 55 -40
06400 60 -40
06500 10 -40
06500 15 -40
06500 20 -40
06500 25 -40
06500 30 -40
06500 35 -40
06500 40 -40
06500 45 -40
06500 50 -40
06500 55 -40
06500 60 -40
06600 10 -40
06600 20 -40
06600 25 -40
06600 30 -40
06600 35 -40
06600 40 -40
06600 45 -40
06600 50 -40
06600 55 -40
06600 60 -40
06700 10 -40
06700 15 -40
06700 20 -40
06700 25 -40
06700 30 -40
06700 35 -40
06700 40 -40
06700 45 -40
06700 50 -40
06700 55 -40
06700 60 -40
06800 10 -40
06800 15 -40
06800 20 -40
06800 25 -40
06800 30 -40
06800 35 -40
06800 40 -40
06800 45 -40
06800 50 -40
06800 55 -40
06800 60 -40
06900 10 -40
06900 15 -40
06900 20 -40
06900 25 -40
06900 30 -40
06900 35 -40
06900 40 -40
06900 45 -40
06900 50 -40
06900 55 -40
06900 60 -40
07000 10 -40
07000 15 -40
07000 20 -40
07000 25 -40
07000 30 -40
07000 35 -40
07000 40 -40
07000 45 -40
07000 50 -40
07000 55 -40
07000 60 -40
07200 10 -40
07200 15 -40
07200 20 -40
07200 25 -40
07200 30 -40
07200 35 -40
07200 40 -40
07200 45 -40
07200 50 -40
07200 55 -40
07200 60 -40
07400 10 -40
07400 20 -40
07400 25 -40
07400 30 -40
07400 35 -40
07400 40 -40
07400 45 -40
07400 50 -40
07400 55 -40
07400 60 -40
07600 10 -40
07600 15 -40
07600 20 -40
07600 25 -40
07600 30 -40
07600 35 -40
07600 40 -40
07600 45 -40
07600 50 -40
07600 55 -40
07600 60 -40
07800 10 -40
07800 15 -40
07800 20 -40
07800 25 -40
07800 35 -40
07800 40 -40
07800 45 -40
07800 50 -40
07800 55 -40
07800 60 -40
08000 10 -40
08000 15 -40
08000 20 -40
08000 25 -40
08000 30 -40
08000 40 -40
08000 45 -40
08000 50 -40
08000 55 -40
08000 60 -40
08200 10 -40
08200 15 -40
08200 20 -40
08200 25 -40
08200 50 -40
08200 55 -40
08200 60 -40
08400 15 -40
08400 20 -40
08400 25 -40
08400 45 -40
08400 50 -40
08400 55 -40
08400 60 -40
08600 15 -40
08600 20 -40
08600 25 -40
08600 50 -40
08600 55 -40
08600 60 -40
08800 15 -40
08800 20 -40
08800 25 -40
08800 50 -40
08800 55 -40
08800 60 -40
09000 15 -40
09000 20 -40
09000 25 -40
09000 45 -40
09000 50 -40
09000 55 -40
09000 60 -40
09200 15 -40
09200 20 -40
09200 25 -40
09200 45 -40
09200 50 -40
09200 55 -40
09200 60 -40
09400 15 -40
09400 20 -40
09400 25 -40
09400 30 -40
09400 45 -40
09400 50 -40
09400 55 -40
09400 60 -40
09600 20 -40
09600 25 -40
09600 30 -40
09600 35 -40
09600 40 -40
09600 45 -40
09600 50 -40
09600 55 -40
09600 60 -40
09800 20 -40
09800 25 -40
09800 30 -40
09800 35 -40
09800 40 -40
09800 45 -40
09800 50 -40
09800 55 -40
09800 60 -40
10000 20 -40
10000 25 -40
10000 30 -40
10000 35 -40
10000 40 -40
10000 45 -40
10000 50 -40
10000 55 -40
10000 60 -40
10200 20 -40
10200 25 -40
10200 30 -40
10200 35 -40
10200 40 -40
10200 45 -40
10200 50 -40
10200 55 -40
10200 60 -40
10400 20 -40
10400 25 -40
10400 30 -40
10400 35 -40
10400 40 -40
10400 45 -40
10400 50 -40
10400 55 -40
10400 60 -40
10600 20 -40
10600 25 -40
10600 30 -40
10600 35 -40
10600 40 -40
10600 45 -40
10600 50 -40
10600 60 -40
10800 20 -40
10800 25 -40
10800 30 -40
10800 35 -40
10800 40 -40
10800 45 -40
10800 50 -40
10800 55 -40
10800 60 -40
11000 20 -40
11000 25 -40
11000 30 -40
11000 35 -40
11000 40 -40
11000 45 -40
11000 50 -40
11000 55 -40
11000 60 -40
11200 20 -40
11200 25 -40
11200 30 -40
11200 35 -40
11200 40 -40
11200 45 -40
11200 50 -40
11200 55 -40
11200 60 -40
11400 20 -40
11400 25 -40
11400 30 -40
11400 35 -40
11400 40 -40
11400 45 -40
11400 50 -40
11400 55 -40
11400 60 -40
11600 20 -40
11600 25 -40
11600 30 -40
11600 35 -40
11600 40 -40
11600 45 -40
11600 50 -40
11600 60 -40
11800 20 -40
11800 25 -40
11800 30 -40
11800 35 -40
11800 40 -40
11800 45 -40
11800 50 -40
11800 55 -40
11800 60 -40
12000 20 -40
12000 25 -40
12000 30 -40
12000 35 -40
12000 40 -40
12000 45 -40
12000 50 -40
12000 55 -40
