  -1.035481210D+03   2.636461700D+03  -3.138510350D+03   2.669216500D+03  -1.754256490D+03   9.050615660D+02  -3.612164840D+02   1.065608860D+02  -2.099411980D+01   2.105318290D+00
  -7.816709630D+01   2.258281100D+02  -2.559288740D+02   2.083536860D+02  -1.316365470D+02   6.553745820D+01  -2.532985480D+01   7.259282830D+00  -1.393142180D+00   1.363454370D-01
  -5.889716260D+01   1.904235060D+02  -2.247781890D+02   1.897213350D+02  -1.238031880D+02   6.346618160D+01  -2.519227430D+01   7.399468530D+00  -1.453101130D+00   1.454217830D-01
  -5.304095840D+01   1.816710670D+02  -2.202390230D+02   1.914273850D+02  -1.287656840D+02   6.804250440D+01  -2.782416020D+01   8.412347360D+00  -1.699142030D+00   1.748202890D-01
  -4.824263840D-01   4.867413620D+01  -5.784542810D+01   4.955397810D+01  -3.290872700D+01   1.718629090D+01  -6.951496390D+00   2.080382710D+00  -4.162027630D-01   4.243954360D-02
  -8.293700420D+02   2.115423630D+03  -2.512607790D+03   2.131967230D+03  -1.398064650D+03   7.198420810D+02  -2.867905300D+02   8.448089630D+01  -1.662457280D+01   1.665672710D+00
  -6.542452340D+01   1.952705230D+02  -2.214670380D+02   1.803892160D+02  -1.140070940D+02   5.677284240D+01  -2.194524890D+01   6.289681730D+00  -1.207079550D+00   1.181329480D-01
  -4.817353790D+01   1.630252020D+02  -1.924841640D+02   1.625368390D+02  -1.061012120D+02   5.440274700D+01  -2.159619930D+01   6.343009860D+00  -1.245494370D+00   1.246245830D-01
  -4.184003150D+01   1.521911540D+02  -1.842376560D+02   1.599751890D+02  -1.075179430D+02   5.677267260D+01  -2.320048490D+01   7.010365050D+00  -1.415238850D+00   1.455434530D-01
   6.519257470D-01   4.502758840D+01  -5.340261770D+01   4.568154900D+01  -3.029843870D+01   1.580460230D+01  -6.385670050D+00   1.909092190D+00  -3.815647360D-01   3.887163170D-02
  -7.891984290D+02   2.018351140D+03  -2.401556490D+03   2.041035630D+03  -1.340309480D+03   6.908907420D+02  -2.754915660D+02   8.119851450D+01  -1.598316930D+01   1.601422620D+00
  -5.674629930D+01   1.743576480D+02  -1.978951690D+02   1.612965660D+02  -1.020018790D+02   5.082294680D+01  -1.965547680D+01   5.636074660D+00  -1.082112050D+00   1.059453970D-01
  -4.097091340D+01   1.445376290D+02  -1.706797450D+02   1.441843850D+02  -9.415882480D+01   4.829477450D+01  -1.917576000D+01   5.632818690D+00  -1.106093120D+00   1.106734770D-01
  -3.483740160D+01   1.336613460D+02  -1.616040260D+02   1.401951630D+02  -9.414984520D+01   4.967873480D+01  -2.028845400D+01   6.126856830D+00  -1.236213190D+00   1.270693820D-01
   1.333058180D+00   4.272198140D+01  -5.059424810D+01   4.323438990D+01  -2.864935050D+01   1.493195150D+01  -6.028406290D+00   1.800969590D+00  -3.597064530D-01   3.662071820D-02
  -6.822654400D+02   1.750568380D+03  -2.083812020D+03   1.771784580D+03  -1.164033480D+03   6.003027430D+02  -2.394787280D+02   7.061539100D+01  -1.390595100D+01   1.393874870D+00
  -4.646389960D+01   1.493453580D+02  -1.695274050D+02   1.381920000D+02  -8.739938360D+01   4.355150830D+01  -1.684490050D+01   4.830551260D+00  -9.275099970D-01   9.081268670D-02
  -3.302791080D+01   1.240470040D+02  -1.464944980D+02   1.238249980D+02  -8.091662830D+01   4.152862620D+01  -1.649813820D+01   4.848427820D+00  -9.523959520D-01   9.531931210D-02
  -2.764023140D+01   1.144946470D+02  -1.381920160D+02   1.197331830D+02  -8.031891580D+01   4.233779960D+01  -1.727433430D+01   5.212130120D+00  -1.050806160D+00   1.079304900D-01
   2.007459510D+00   4.029543010D+01  -4.763921070D+01   4.066005380D+01  -2.691500360D+01   1.401442260D+01  -5.652866820D+00   1.687345100D+00  -3.367416800D-01   3.425644740D-02
  -9.422954630D+02   2.401614280D+03  -2.858337470D+03   2.430747750D+03  -1.597536600D+03   8.242612390D+02  -3.290076120D+02   9.707478510D+01  -1.912896710D+01   1.918707310D+00
  -7.083968960D+01   2.078747150D+02  -2.352847000D+02   1.913958840D+02  -1.208581850D+02   6.014855680D+01  -2.324060440D+01   6.659106740D+00  -1.277746580D+00   1.250347150D-01
  -5.432383030D+01   1.787259820D+02  -2.108266980D+02   1.778452010D+02  -1.159907710D+02   5.942998080D+01  -2.357808410D+01   6.921928840D+00  -1.358677470D+00   1.359103620D-01
  -4.996854020D+01   1.735931150D+02  -2.103601570D+02   1.827823160D+02  -1.229146090D+02   6.493299140D+01  -2.654583590D+01   8.023938310D+00  -1.620325300D+00   1.666754630D-01
  -2.123756880D-01   4.779570600D+01  -5.677483040D+01   4.862047790D+01  -3.227923050D+01   1.685294530D+01  -6.814928160D+00   2.039022580D+00  -4.078355100D-01   4.157731080D-02
  -7.081724440D+02   1.812970970D+03  -2.157321380D+03   1.834632430D+03  -1.205783790D+03   6.221151020D+02  -2.483005710D+02   7.325372350D+01  -1.443304420D+01   1.447483300D+00
  -4.963622830D+01   1.559752020D+02  -1.756638460D+02   1.423998410D+02  -8.969978260D+01   4.456745410D+01  -1.720162100D+01   4.925546790D+00  -9.447986030D-01   9.244545160D-02
  -4.128281370D+01   1.453092820D+02  -1.712021710D+02   1.442930820D+02  -9.402169980D+01   4.812506230D+01  -1.907215240D+01   5.592667800D+00  -1.096464520D+00   1.095494590D-01
  -3.872424710D+01   1.439309640D+02  -1.741275210D+02   1.511181150D+02  -1.015157210D+02   5.357831120D+01  -2.188528260D+01   6.610112450D+00  -1.333883990D+00   1.371218850D-01
   8.878275420D-01   4.417020390D+01  -5.235786890D+01   4.477077530D+01  -2.968439820D+01   1.547951050D+01  -6.252511180D+00   1.868772800D+00  -3.734096350D-01   3.803142170D-02
  -5.537263340D+02   1.427329090D+03  -1.704260570D+03   1.457774010D+03  -9.656011700D+02   5.028329510D+02  -2.027496190D+02   6.045612810D+01  -1.204007440D+01   1.220253060D+00
  -3.848488670D+01   1.290344540D+02  -1.451649450D+02   1.174071050D+02  -7.372993480D+01   3.650433480D+01  -1.403658400D+01   4.003661590D+00  -7.649535610D-01   7.455565220D-02
  -3.175602010D+01   1.207581860D+02  -1.424503880D+02   1.202774620D+02  -7.851664030D+01   4.025679060D+01  -1.597780170D+01   4.691341990D+00  -9.207678540D-01   9.208092950D-02
  -2.786699690D+01   1.150788280D+02  -1.388986240D+02   1.203434650D+02  -8.072594790D+01   4.255074150D+01  -1.736044700D+01   5.237854190D+00  -1.055935910D+00   1.084511800D-01
   1.958074510D+00   4.042831780D+01  -4.780089570D+01   4.080076530D+01  -2.700969820D+01   1.406446250D+01  -5.673324270D+00   1.693527610D+00  -3.379897920D-01   3.438479480D-02
  -3.997524310D+02   1.036906750D+03  -1.231655380D+03   1.046357700D+03  -6.874352580D+02   3.547194350D+02  -1.416490400D+02   4.182288540D+01  -8.248659920D+00   8.282237370D-01
  -2.595419130D+01   9.835175940D+01  -1.104740420D+02   8.933824250D+01  -5.613814740D+01   2.782649710D+01  -1.071595530D+01   3.061815250D+00  -5.860875700D-01   5.723196750D-02
  -2.172067080D+01   9.466420090D+01  -1.114659420D+02   9.404222260D+01  -6.136271780D+01   3.145212410D+01  -1.248028910D+01   3.663636080D+00  -7.189089180D-01   7.187816210D-02
  -2.066125780D+01   9.564389170D+01  -1.151561260D+02   9.958841560D+01  -6.669308850D+01   3.510016400D+01  -1.430015070D+01   4.308724870D+00  -8.675241260D-01   8.899263950D-02
   2.558298970D+00   3.794662870D+01  -4.477929450D+01   3.816900030D+01  -2.523705600D+01   1.312688620D+01  -5.289666000D+00   1.577472480D+00  -3.145388780D-01   3.197099330D-02
  -3.210078380D+02   8.393619080D+02  -9.966860120D+02   8.465251040D+02  -5.560670620D+02   2.869074230D+02  -1.145602800D+02   3.382072250D+01  -6.669226960D+00   6.694736180D-01
  -1.908094310D+01   8.146974390D+01  -9.161655860D+01   7.411727570D+01  -4.656049050D+01   2.306434770D+01  -8.875033260D+00   2.533686070D+00  -4.845842440D-01   4.728071090D-02
  -1.468894220D+01   7.611847480D+01  -8.961598030D+01   7.569440050D+01  -4.946822340D+01   2.539938840D+01  -1.009640960D+01   2.969019520D+00  -5.835903110D-01   5.844322190D-02
  -1.430157130D+01   7.826824300D+01  -9.394959330D+01   8.107001350D+01  -5.418657160D+01   2.846761250D+01  -1.157898600D+01   3.483496940D+00  -7.003687980D-01   7.174840300D-02
   3.094308230D+00   3.550518220D+01  -4.180780560D+01   3.558196690D+01  -2.349531670D+01   1.220607420D+01  -4.913039980D+00   1.463596360D+00  -2.915386240D-01   2.960463440D-02
  -2.544858920D+02   6.734502290D+02  -8.008382750D+02   6.807399220D+02  -4.473155480D+02   2.307872160D+02  -9.212130590D+01   2.718108610D+01  -5.356025330D+00   5.371891710D-01
  -1.091473740D+01   6.099706610D+01  -6.879351100D+01   5.582349680D+01  -3.515167200D+01   1.744416690D+01  -6.721888940D+00   1.921250780D+00  -3.678342310D-01   3.592419010D-02
  -6.126540050D+00   5.313313990D+01  -6.232363890D+01   5.258232740D+01  -3.435661200D+01   1.764532180D+01  -7.018205750D+00   2.065418200D+00  -4.063428930D-01   4.073281700D-02
  -8.234257690D+00   6.115149000D+01  -7.306548090D+01   6.283844190D+01  -4.187697050D+01   2.194095920D+01  -8.901771730D+00   2.671720300D+00  -5.359572400D-01   5.478863550D-02
   3.464759180D+00   3.299268190D+01  -3.875068490D+01   3.292119940D+01  -2.170451550D+01   1.125963700D+01  -4.526060890D+00   1.346628190D+00  -2.679214760D-01   2.717558200D-02
  -1.481915540D+02   4.050157560D+02  -4.813226680D+02   4.087107840D+02  -2.682205080D+02   1.382039490D+02  -5.509759950D+01   1.623887180D+01  -3.196737290D+00   3.203507900D-01
  -1.823706510D+00   3.717655340D+01  -4.201782910D+01   3.427184460D+01  -2.169062510D+01   1.081155010D+01  -4.181229490D+00   1.198563970D+00  -2.300011810D-01   2.250352270D-02
   2.091295730D+00   3.001320540D+01  -3.477384540D+01   2.914982040D+01  -1.896131350D+01   9.705825710D+00  -3.850336160D+00   1.130804750D+00  -2.221059340D-01   2.223517610D-02
  -3.024715550D+00   4.527317930D+01  -5.370818480D+01   4.595463990D+01  -3.048768070D+01   1.590771750D+01  -6.429142490D+00   1.922620130D+00  -3.843653060D-01   3.916378340D-02
   3.461189000D+00   3.046819800D+01  -3.568003070D+01   3.024966780D+01  -1.990719100D+01   1.031014220D+01  -4.137991430D+00   1.229378410D+00  -2.442570360D-01   2.474263980D-02
  -9.602579390D+01   2.725394320D+02  -3.240382910D+02   2.752480660D+02  -1.806336860D+02   9.304958320D+01  -3.708080120D+01   1.092357040D+01  -2.149311070D+00   2.152802560D-01
   2.958112320D+00   2.378498620D+01  -2.672005920D+01   2.179278380D+01  -1.381567590D+01   6.902515570D+00  -2.676402550D+00   7.692292250D-01  -1.479947060D-01   1.451581940D-02
   5.148517700D+00   2.036752190D+01  -2.327443790D+01   1.935800350D+01  -1.251809060D+01   6.376920340D+00  -2.519419840D+00   7.373059450D-01  -1.443648280D-01   1.441209560D-02
  -1.157992310D+00   3.848212580D+01  -4.543620890D+01   3.874639420D+01  -2.562996270D+01   1.333698220D+01  -5.376600820D+00   1.604052970D+00  -3.199592460D-01   3.253148770D-02
   3.128531240D+00   2.930649000D+01  -3.426736790D+01   2.902099060D+01  -1.908083660D+01   9.873735400D+00  -3.959685110D+00   1.175523100D+00  -2.333909420D-01   2.362585140D-02
  -6.328244140D+01   1.886847980D+02  -2.242800860D+02   1.905487530D+02  -1.250624610D+02   6.441728600D+01  -2.566318320D+01   7.556625020D+00  -1.485971890D+00   1.487394130D-01
   5.420465880D+00   1.623591420D+01  -1.800460220D+01   1.460378510D+01  -9.229159590D+00   4.602034060D+00  -1.782190820D+00   5.118225870D-01  -9.842552630D-02   9.651560150D-03
   6.312239480D+00   1.582721460D+01  -1.786829580D+01   1.475909030D+01  -9.494199300D+00   4.815534900D+00  -1.895445340D+00   5.528816540D-01  -1.079375650D-01   1.074695770D-02
  -4.751931470D-01   3.507539070D+01  -4.128868980D+01   3.513427440D+01  -2.319716990D+01   1.205031810D+01  -4.850120580D+00   1.444802260D+00  -2.877820250D-01   2.921994500D-02
   2.716939260D+00   2.869948020D+01  -3.352933050D+01   2.837917240D+01  -1.864924690D+01   9.645845580D+00  -3.866589640D+00   1.147409330D+00  -2.277194990D-01   2.304304950D-02
  -3.000861840D+01   1.022763120D+02  -1.214920240D+02   1.033961540D+02  -6.803059000D+01   3.513861830D+01  -1.403855850D+01   4.145156500D+00  -8.172763980D-01   8.200916540D-02
   7.217176040D+00   9.197968740D+00  -9.871232740D+00   7.880902910D+00  -4.928591610D+00   2.438605320D+00  -9.386675160D-01   2.682562820D-01  -5.137845710D-02   5.021030050D-03
   6.894120790D+00   1.160422930D+01  -1.285029340D+01   1.049832560D+01  -6.697438420D+00   3.373685290D+00  -1.320062860D+00   3.830410420D-01  -7.443092260D-02   7.379392910D-03
  -2.395110670D-01   3.163868810D+01  -3.710649670D+01   3.149371390D+01  -2.074647360D+01   1.075486230D+01  -4.320321070D+00   1.284631030D+00  -2.554354890D-01   2.589267650D-02
   1.856131480D+00   2.806668710D+01  -3.276002330D+01   2.771023780D+01  -1.819947740D+01   9.408385880D+00  -3.769596910D+00   1.118122270D+00  -2.218120970D-01   2.243607450D-02
  -4.516686650D+02   1.168725040D+03  -1.390331720D+03   1.182512990D+03  -7.773745220D+02   4.011492710D+02  -1.601105100D+02   4.722857780D+01  -9.302596250D+00   9.325843740D-01
  -2.759686300D+01   1.022636390D+02  -1.146410760D+02   9.249917880D+01  -5.799416010D+01   2.868567110D+01  -1.102542670D+01   3.144773400D+00  -6.010475700D-01   5.861497640D-02
  -2.409900180D+01   1.008653760D+02  -1.188652880D+02   1.003360810D+02  -6.549457710D+01   3.358012450D+01  -1.332793990D+01   3.913246720D+00  -7.680156230D-01   7.679845400D-02
  -2.199820330D+01   9.928641650D+01  -1.196086980D+02   1.034836540D+02  -6.932896380D+01   3.650093080D+01  -1.487606220D+01   4.483748960D+00  -9.030519650D-01   9.266562700D-02
   2.466646820D+00   3.839159010D+01  -4.532107050D+01   3.864088910D+01  -2.555490840D+01   1.329500800D+01  -5.358464040D+00   1.598284320D+00  -3.187444150D-01   3.240388510D-02
  -4.475482900D+02   1.160225920D+03  -1.380961210D+03   1.174375040D+03  -7.718033720D+02   3.982014480D+02  -1.589346110D+02   4.689053130D+01  -9.239054990D+00   9.266019500D-01
  -2.654852350D+01   1.002853360D+02  -1.136199910D+02   9.248722670D+01  -5.841802700D+01   2.907853080D+01  -1.123743740D+01   3.220387310D+00  -6.180203810D-01   6.048435670D-02
  -1.811670950D+01   8.515774800D+01  -1.004353030D+02   8.493347150D+01  -5.556037680D+01   2.855164020D+01  -1.135804580D+01   3.342313250D+00  -6.573770230D-01   6.587083440D-02
  -1.606969810D+01   8.319499580D+01  -9.996742670D+01   8.633019720D+01  -5.774299700D+01   3.035592400D+01  -1.235467430D+01   3.719035340D+00  -7.481410160D-01   7.668330370D-02
   2.991316560D+00   3.615915030D+01  -4.260378680D+01   3.627499980D+01  -2.396193370D+01   1.245277790D+01  -5.013952140D+00   1.494110060D+00  -2.977020840D-01   3.023880020D-02
  -1.639191780D+03   4.153037490D+03  -4.946788280D+03   4.209131190D+03  -2.767414040D+03   1.428242080D+03  -5.701774510D+02   1.682442330D+02  -3.315317600D+01   3.325208180D+00
  -1.286324570D+02   3.470231930D+02  -3.936240980D+02   3.206925270D+02  -2.027460040D+02   1.010003920D+02  -3.905700060D+01   1.119877380D+01  -2.150121530D+00   2.105144970D-01
  -9.785409530D+01   2.892930780D+02  -3.416415240D+02   2.884317230D+02  -1.883017310D+02   9.658840020D+01  -3.836482200D+01   1.127560630D+01  -2.215537880D+00   2.218286890D-01
  -9.268191560D+01   2.851792510D+02  -3.465557170D+02   3.016704530D+02  -2.031478940D+02   1.074385750D+02  -4.396198850D+01   1.329752450D+01  -2.686683110D+00   2.764749060D-01
  -4.787029790D+00   6.153752830D+01  -7.352706110D+01   6.323135270D+01  -4.213457410D+01   2.207315220D+01  -8.954136360D+00   2.687045980D+00  -5.389624730D-01   5.509271840D-02
  -1.512170640D+03   3.834464300D+03  -4.567309860D+03   3.886245000D+03  -2.555150580D+03   1.318718710D+03  -5.264659670D+02   1.553499010D+02  -3.061301370D+01   3.070498750D+00
  -1.176567030D+02   3.208435160D+02  -3.639761350D+02   2.965571710D+02  -1.874922820D+02   9.340169900D+01  -3.611802820D+01   1.035581640D+01  -1.988211270D+00   1.946548190D-01
  -8.894033290D+01   2.667557810D+02  -3.150362190D+02   2.659835770D+02  -1.736506500D+02   8.907459490D+01  -3.538122540D+01   1.039915700D+01  -2.043452090D+00   2.046150720D-01
  -8.318033640D+01   2.604492950D+02  -3.163992830D+02   2.753777520D+02  -1.854287950D+02   9.806595140D+01  -4.012797860D+01   1.213857500D+01  -2.452746080D+00   2.524303430D-01
  -3.692363720D+00   5.836174640D+01  -6.965440080D+01   5.985261310D+01  -3.985477310D+01   2.086517150D+01  -8.458948280D+00   2.536991500D+00  -5.085894980D-01   5.196117990D-02
  -1.403091610D+03   3.560842310D+03  -4.241345600D+03   3.608852430D+03  -2.372764770D+03   1.224597800D+03  -4.888977280D+02   1.442671660D+02  -2.842974150D+01   2.851588240D+00
  -1.082376760D+02   2.983437740D+02  -3.384999610D+02   2.758254860D+02  -1.743957820D+02   8.688096190D+01  -3.359730130D+01   9.633195850D+00  -1.849484610D+00   1.810726300D-01
  -8.128517250D+01   2.473661610D+02  -2.921371050D+02   2.466550380D+02  -1.610296970D+02   8.259811880D+01  -3.280775830D+01   9.642624180D+00  -1.894800430D+00   1.897350260D-01
  -7.510883100D+01   2.394087410D+02  -2.907302830D+02   2.529843850D+02  -1.703271910D+02   9.007188080D+01  -3.685530010D+01   1.114849860D+01  -2.252730570D+00   2.318550220D-01
  -2.793250760D+00   5.571599650D+01  -6.642859820D+01   5.703872130D+01  -3.795644500D+01   1.985950080D+01  -8.046766550D+00   2.412111670D+00  -4.833164480D-01   4.935588350D-02
  -1.309227170D+03   3.325291030D+03  -3.960625210D+03   3.369850360D+03  -2.215541770D+03   1.143421770D+03  -4.564813130D+02   1.347002610D+02  -2.654441500D+01   2.662496790D+00
  -1.002086180D+02   2.791402320D+02  -3.167604980D+02   2.581393820D+02  -1.632265680D+02   8.132155540D+01  -3.144886600D+01   9.017488420D+00  -1.731317820D+00   1.695066820D-01
  -7.475509060D+01   2.307993120D+02  -2.725685590D+02   2.301358750D+02  -1.502411070D+02   7.706008850D+01  -3.060614670D+01   8.995029160D+00  -1.767471030D+00   1.769806790D-01
  -6.827698930D+01   2.215719500D+02  -2.689624430D+02   2.339857840D+02  -1.575081230D+02   8.328207620D+01  -3.407388800D+01   1.030649370D+01  -2.082514250D+00   2.143330810D-01
  -2.051947420D+00   5.350297270D+01  -6.373079020D+01   5.468578210D+01  -3.636935330D+01   1.901885400D+01  -7.702278330D+00   2.307758060D+00  -4.622008100D-01   4.717949310D-02
  -1.226307680D+03   3.117245990D+03  -3.712739230D+03   3.158818990D+03  -2.076710160D+03   1.071728900D+03  -4.278445040D+02   1.262461990D+02  -2.487783220D+01   2.495286690D+00
  -9.299035140D+01   2.618491060D+02  -2.971858520D+02   2.422169650D+02  -1.531736830D+02   7.631933340D+01  -2.951640800D+01   8.463872750D+00  -1.625106310D+00   1.591147190D-01
  -6.890892870D+01   2.159436540D+02  -2.550184570D+02   2.153195900D+02  -1.405636250D+02   7.209129900D+01  -2.863010280D+01   8.413490040D+00  -1.653059290D+00   1.655123750D-01
  -6.223653300D+01   2.057762270D+02  -2.496802070D+02   2.171503200D+02  -1.461435680D+02   7.725969750D+01  -3.160553740D+01   9.558844110D+00  -1.931285250D+00   1.987564430D-01
  -1.411236710D+00   5.156145410D+01  -6.136428140D+01   5.262209470D+01  -3.497757910D+01   1.828177620D+01  -7.400277690D+00   2.216288620D+00  -4.436949390D-01   4.527236320D-02
  -1.153338520D+03   2.934141720D+03  -3.494595240D+03   2.973135090D+03  -1.954569400D+03   1.008660370D+03  -4.026532990D+02   1.188091660D+02  -2.341163870D+01   2.348165860D+00
  -8.661270010D+01   2.465354600D+02  -2.798337040D+02   2.280924460D+02  -1.442509630D+02   7.187748860D+01  -2.779981100D+01   7.971950960D+00  -1.530707920D+00   1.498767780D-01
  -6.383017410D+01   2.030177110D+02  -2.397465940D+02   2.024270670D+02  -1.321430000D+02   6.776762660D+01  -2.691030920D+01   7.907201480D+00  -1.553407310D+00   1.555179410D-01
  -5.706399510D+01   1.922279860D+02  -2.331379790D+02   2.027029020D+02  -1.363875480D+02   7.208764120D+01  -2.948477840D+01   8.916182270D+00  -1.801230060D+00   1.853540590D-01
  -8.731298100D-01   4.990545170D+01  -5.934603720D+01   5.086234660D+01  -3.379095310D+01   1.765343400D+01  -7.142865450D+00   2.138334870D+00  -4.279256740D-01   4.364747130D-02
  -7.812787860D+02   1.997037380D+03  -2.377164320D+03   2.022775100D+03  -1.330673820D+03   6.874002070D+02  -2.747581960D+02   8.118903460D+01  -1.602326630D+01   1.609684420D+00
  -5.777989320D+01   1.761390540D+02  -1.990211120D+02   1.616567350D+02  -1.019453260D+02   5.067695520D+01  -1.956046650D+01   5.599356250D+00  -1.073482070D+00   1.049641620D-01
  -4.522720870D+01   1.554497290D+02  -1.833333140D+02   1.546543990D+02  -1.008609530D+02   5.167036190D+01  -2.049464000D+01   6.014825080D+00  -1.180194950D+00   1.180093850D-01
  -4.107819920D+01   1.501654390D+02  -1.817484620D+02   1.577841900D+02  -1.060253920D+02   5.597395540D+01  -2.286976540D+01   6.909139880D+00  -1.394545320D+00   1.433889410D-01
   6.784694530D-01   4.489731870D+01  -5.324368170D+01   4.554279600D+01  -3.020474750D+01   1.575491980D+01  -6.365286760D+00   1.902910210D+00  -3.803123090D-01   3.874238490D-02
  -5.814422270D+02   1.494862650D+03  -1.778854350D+03   1.513284520D+03  -9.950757620D+02   5.136670320D+02  -2.051081090D+02   6.053147520D+01  -1.192905090D+01   1.196503890D+00
  -3.919167380D+01   1.306715040D+02  -1.469384220D+02   1.188564700D+02  -7.468135630D+01   3.700727050D+01  -1.424551490D+01   4.068393990D+00  -7.784053500D-01   7.597993660D-02
  -3.289711760D+01   1.237114850D+02  -1.458674370D+02   1.230928560D+02  -8.030793580D+01   4.115223360D+01  -1.632467970D+01   4.790890740D+00  -9.398941540D-01   9.395605580D-02
  -2.947110660D+01   1.193565580D+02  -1.441204560D+02   1.249038480D+02  -8.380589530D+01   4.418402980D+01  -1.803045670D+01   5.441003720D+00  -1.097074710D+00   1.126938590D-01
   1.798242070D+00   4.100140260D+01  -4.849868480D+01   4.140854980D+01  -2.741908930D+01   1.428100230D+01  -5.761935450D+00   1.720332870D+00  -3.434063800D-01   3.494233580D-02
  -4.383936210D+02   1.133731520D+03  -1.348500200D+03   1.147079760D+03  -7.541489640D+02   3.892011990D+02  -1.553634570D+02   4.583679020D+01  -9.030342610D+00   9.054799020D-01
  -2.661076440D+01   9.916763350D+01  -1.104643220D+02   8.916759830D+01  -5.611314570D+01   2.789386730D+01  -1.077670560D+01   3.088690240D+00  -5.928307240D-01   5.801988950D-02
  -2.663493260D+01   1.075441270D+02  -1.256880400D+02   1.051641010D+02  -6.805239890D+01   3.460443510D+01  -1.362896970D+01   3.973212670D+00  -7.746833620D-01   7.699764270D-02
  -3.373097900D+01   1.305710360D+02  -1.577576190D+02   1.367579830D+02  -9.176964120D+01   4.838316780D+01  -1.974273580D+01   5.956961130D+00  -1.200894620D+00   1.233310200D-01
   1.174203060D+00   4.291907380D+01  -5.083308710D+01   4.344128140D+01  -2.878787800D+01   1.500476530D+01  -6.058011750D+00   1.809867150D+00  -3.614926110D-01   3.680335380D-02
  -4.011776094D+02   1.043040007D+03  -1.243463863D+03   1.060391748D+03  -6.993010976D+02   3.622523207D+02  -1.452546545D+02   4.307822726D+01  -8.536966942D+00   8.614794401D-01
  -2.170113300D+01   8.765982389D+01  -9.817505640D+01   7.954635542D+01  -5.015897685D+01   2.495671932D+01  -9.647700608D+00   2.768068337D+00  -5.325892561D-01   5.240669273D-02
  -1.790902606D+01   8.492240830D+01  -9.896011919D+01   8.268669230D+01  -5.347791602D+01   2.719675877D+01  -1.071961515D+01   3.129606199D+00  -6.116283900D-01   6.102185740D-02
  -2.714408177D+01   1.128518476D+02  -1.361091579D+02   1.178366695D+02  -7.898316123D+01   4.160087925D+01  -1.696129116D+01   5.114523577D+00  -1.030690791D+00   1.058583826D-01
   1.612354004D+00   4.098787271D+01  -4.848781333D+01   4.140621673D+01  -2.742392666D+01   1.428788979D+01  -5.766975040D+00   1.722699406D+00  -3.441013908D-01   3.504384291D-02
  -4.011969623D+02   1.043048796D+03  -1.243495312D+03   1.060446514D+03  -6.993551116D+02   3.622898392D+02  -1.452734955D+02   4.308483811D+01  -8.538445158D+00   8.616414811D-01
  -2.173380891D+01   8.772529509D+01  -9.823990778D+01   7.961774487D+01  -5.022147624D+01   2.499613587D+01  -9.665438364D+00   2.773622544D+00  -5.337014785D-01   5.251663561D-02
  -1.800731389D+01   8.518446943D+01  -9.921654273D+01   8.285377427D+01  -5.355383395D+01   2.721888170D+01  -1.072194618D+01   3.128480615D+00  -6.110693860D-01   6.093364888D-02
  -2.763636236D+01   1.141705184D+02  -1.377190500D+02   1.192428374D+02  -7.993301463D+01   4.210470003D+01  -1.716803278D+01   5.177235216D+00  -1.043398106D+00   1.071702005D-01
   1.565691038D+00   4.116341380D+01  -4.870161161D+01   4.159250486D+01  -2.754946123D+01   1.435432324D+01  -5.794177010D+00   1.730933996D+00  -3.457668034D-01   3.521545529D-02
  -2.190869148D+02   5.853185522D+02  -6.977949799D+02   5.946401594D+02  -3.918164610D+02   2.027985021D+02  -8.125311670D+01   2.407960221D+01  -4.768719614D+00   4.809210302D-01
  -6.499477532D+00   4.958792338D+01  -5.618992071D+01   4.583774199D+01  -2.900389290D+01   1.445656890D+01  -5.593973760D+00   1.605919173D+00  -3.091020400D-01   3.042321404D-02
  -1.155032074D+00   3.939399790D+01  -4.597983963D+01   3.871160890D+01  -2.526788192D+01   1.297333161D+01  -5.161461112D+00   1.520388982D+00  -2.996371427D-01   3.013059986D-02
  -4.976390174D+00   5.151226931D+01  -6.131948186D+01   5.260054357D+01  -3.497769773D+01   1.829118514D+01  -7.408706470D+00   2.220509371D+00  -4.449653493D-01   4.545964297D-02
   3.511249863D+00   3.158000281D+01  -3.703751667D+01   3.143694606D+01  -2.071136637D+01   1.073852841D+01  -4.314859544D+00   1.283478613D+00  -2.553434719D-01   2.590520091D-02
  -1.056467720D+03   2.692518763D+03  -3.211640771D+03   2.738534550D+03  -1.805552359D+03   9.350434179D+02  -3.748181335D+02   1.111270501D+02  -2.201613939D+01   2.221074363D+00
  -7.669547383D+01   2.220897407D+02  -2.515316476D+02   2.047342777D+02  -1.293751684D+02   6.445246152D+01  -2.494078912D+01   7.162667370D+00  -1.379428605D+00   1.358610058D-01
  -5.868449505D+01   1.898766772D+02  -2.240886800D+02   1.891248982D+02  -1.234235843D+02   6.328931529D+01  -2.513607821D+01   7.390092848D+00  -1.453611140D+00   1.458924585D-01
  -5.384611032D+01   1.837815034D+02  -2.228354662D+02   1.937220906D+02  -1.303413927D+02   6.889688478D+01  -2.818507607D+01   8.526106896D+00  -1.723416643D+00   1.775198449D-01
  -6.473643275D-01   4.913773102D+01  -5.841900187D+01   5.006457294D+01  -3.326217444D+01   1.737948115D+01  -7.033674271D+00   2.106399296D+00  -4.217521203D-01   4.305037145D-02
  -7.810188172D+02   1.997827537D+03  -2.380766656D+03   2.028686639D+03  -1.336827755D+03   6.920058111D+02  -2.773004517D+02   8.219408374D+01  -1.628137442D+01   1.642401125D+00
  -5.547238180D+01   1.703560146D+02  -1.922457628D+02   1.560472418D+02  -9.839384044D+01   4.893300138D+01  -1.890895562D+01   5.424309122D+00  -1.043697404D+00   1.027189562D-01
  -4.467320608D+01   1.540317994D+02  -1.816447163D+02   1.532306129D+02  -9.994475340D+01   5.121613736D+01  -2.032564237D+01   5.970840334D+00  -1.173419622D+00   1.176649821D-01
  -4.101695249D+01   1.499985662D+02  -1.815658887D+02   1.576520829D+02  -1.059613716D+02   5.595766445D+01  -2.287259325D+01   6.913836987D+00  -1.396568045D+00   1.437635530D-01
   6.269725331D-01   4.501378058D+01  -5.339349652D+01   4.568301579D+01  -3.030764061D+01   1.581489120D+01  -6.392608710D+00   1.912208080D+00  -3.824522649D-01   3.899812544D-02
  -8.091669787D+02   2.083279028D+03  -2.515606215D+03   2.180517048D+03  -1.465741711D+03   7.762029156D+02  -3.189257249D+02   9.682126155D+01  -1.947858775D+01   1.957394633D+00
  -1.408050420D+01   6.228756948D+01  -5.710209263D+01   3.488066465D+01  -1.433503257D+01   3.159413780D+00   3.578935766D-01  -5.647074863D-01   1.989238951D-01  -2.860516811D-02
  -4.892913402D+01   1.649531867D+02  -1.946786823D+02   1.643303247D+02  -1.072481232D+02   5.498996094D+01  -2.183527973D+01   6.417693310D+00  -1.261877109D+00   1.265968896D-01
  -4.371508049D+01   1.571307188D+02  -1.902887696D+02   1.652870221D+02  -1.111304046D+02   5.870592786D+01  -2.400307267D+01   7.257588755D+00  -1.466393903D+00   1.509896983D-01
   3.939667134D-01   4.581297943D+01  -5.436743125D+01   4.653217922D+01  -3.088026208D+01   1.611813894D+01  -6.516865425D+00   1.949849763D+00  -3.900704911D-01   3.978369304D-02
  -7.960603444D+02   2.036565984D+03  -2.426863681D+03   2.067539513D+03  -1.362146290D+03   7.049989431D+02  -2.824755238D+02   8.372140667D+01  -1.658285632D+01   1.672709032D+00
  -5.729009051D+01   1.753990844D+02  -1.987168940D+02   1.617457746D+02  -1.021901753D+02   5.089408438D+01  -1.968690710D+01   5.651486984D+00  -1.087922762D+00   1.071028281D-01
  -4.293029720D+01   1.495794765D+02  -1.766034590D+02   1.491639259D+02  -9.740773054D+01   4.997023161D+01  -1.985053235D+01   5.836352376D+00  -1.147883800D+00   1.151854653D-01
  -3.730086506D+01   1.401830845D+02  -1.695875066D+02   1.471952337D+02  -9.890252829D+01   5.221630673D+01  -2.133858018D+01   6.448920074D+00  -1.302446538D+00   1.340562392D-01
   1.031124403D+00   4.369208218D+01  -5.178345114D+01   4.427985670D+01  -2.936189033D+01   1.531428965D+01  -6.187588285D+00   1.850131416D+00  -3.698949786D-01   3.770390499D-02
  -6.307511406D+02   1.621707045D+03  -1.933742165D+03   1.648914659D+03  -1.087405698D+03   5.633277065D+02  -2.258965725D+02   6.699741271D+01  -1.327716102D+01   1.339749178D+00
  -4.185466279D+01   1.376398550D+02  -1.555520534D+02   1.263496559D+02  -7.968242942D+01   3.962207763D+01  -1.530557447D+01   4.388382039D+00  -8.438455251D-01   8.299129448D-02
  -3.226612763D+01   1.220841241D+02  -1.440981279D+02   1.217485506D+02  -7.953815813D+01   4.081838605D+01  -1.621951145D+01   4.769591571D+00  -9.381357085D-01   9.413499485D-02
  -2.792163354D+01   1.152263833D+02  -1.390975696D+02   1.205408346D+02  -8.088050430D+01   4.264729233D+01  -1.740776964D+01   5.255267186D+00  -1.060305156D+00   1.090306697D-01
   1.911044790D+00   4.055070933D+01  -4.795702444D+01   4.094536708D+01  -2.711456243D+01   1.412482689D+01  -5.700479276D+00   1.702652602D+00  -3.400637485D-01   3.462951145D-02
  -6.403074030D+02   1.644310930D+03  -1.958054921D+03   1.667090604D+03  -1.097732953D+03   5.679018683D+02  -2.274676120D+02   6.740100584D+01  -1.334786237D+01   1.346235059D+00
  -4.509484018D+01   1.457776767D+02  -1.651357443D+02   1.343907924D+02  -8.489050139D+01   4.226979880D+01  -1.634753683D+01   4.691859508D+00  -9.029878621D-01   8.887532067D-02
  -3.340650058D+01   1.250339099D+02  -1.476420268D+02   1.247864574D+02  -8.154928826D+01   4.186331911D+01  -1.663956590D+01   4.894470516D+00  -9.629532079D-01   9.664989458D-02
  -2.841676030D+01   1.165583227D+02  -1.407273074D+02   1.219682268D+02  -8.184765698D+01   4.316198220D+01  -1.761970023D+01   5.319781134D+00  -1.073425088D+00   1.103900983D-01
   1.876335856D+00   4.069952277D+01  -4.813831065D+01   4.110336761D+01  -2.722106486D+01   1.418120516D+01  -5.723571055D+00   1.709645106D+00  -3.414783924D-01   3.477532889D-02
  -6.265378201D+02   1.611487132D+03  -1.921073799D+03   1.637242516D+03  -1.079046585D+03   5.586765442D+02  -2.239270434D+02   6.639166737D+01  -1.315481057D+01   1.327364492D+00
  -4.150352042D+01   1.370892671D+02  -1.554088509D+02   1.265604975D+02  -7.999329618D+01   3.985410052D+01  -1.542154523D+01   4.428295500D+00  -8.526529601D-01   8.395649919D-02
  -3.012248926D+01   1.165260199D+02  -1.376045889D+02   1.163431422D+02  -7.606309836D+01   3.906339085D+01  -1.553282329D+01   4.570572201D+00  -8.995163013D-01   9.030817013D-02
  -2.546711657D+01   1.086618014D+02  -1.310817705D+02   1.135374717D+02  -7.614814240D+01   4.013612374D+01  -1.637684296D+01   4.942395592D+00  -9.968735346D-01   1.024786524D-01
   2.148047097D+00   3.967521327D+01  -4.689088476D+01   4.001656586D+01  -2.648877745D+01   1.379371741D+01  -5.564926492D+00   1.661625165D+00  -3.317675346D-01   3.377477245D-02
  -4.189114304D+02   1.088128562D+03  -1.297301753D+03   1.106147452D+03  -7.293105277D+02   3.776997116D+02  -1.514092485D+02   4.489235162D+01  -8.894395312D+00   8.973488341D-01
  -2.288491718D+01   9.075527590D+01  -1.019416772D+02   8.273330262D+01  -5.226211764D+01   2.606150356D+01  -1.010063222D+01   2.905756381D+00  -5.605292891D-01   5.528807442D-02
  -1.946339816D+01   8.884904485D+01  -1.041109540D+02   8.742773768D+01  -5.679566811D+01   2.899457380D+01  -1.146503023D+01   3.356139690D+00  -6.573202647D-01   6.569421357D-02
  -2.304621047D+01   1.019562690D+02  -1.228544630D+02   1.063079488D+02  -7.123180274D+01   3.750968239D+01  -1.529105455D+01   4.610529013D+00  -9.291068805D-01   9.542796026D-02
   2.183417168D+00   3.911218282D+01  -4.620455603D+01   3.941795666D+01  -2.608495896D+01   1.357977666D+01  -5.477226381D+00   1.635046198D+00  -3.263858910D-01   3.321958462D-02
  -1.015644639D+03   2.589441745D+03  -3.088177204D+03   2.632737611D+03  -1.735376958D+03   8.984537165D+02  -3.600453516D+02   1.067152553D+02  -2.113577648D+01   2.131629341D+00
  -7.323084456D+01   2.135722566D+02  -2.417347916D+02   1.967132902D+02  -1.243043414D+02   6.193340752D+01  -2.397066945D+01   6.885711674D+00  -1.326440080D+00   1.306779762D-01
  -5.665380128D+01   1.846759342D+02  -2.178491841D+02   1.837817553D+02  -1.198883000D+02   6.145267963D+01  -2.439760441D+01   7.170453444D+00  -1.409936999D+00   1.414640082D-01
  -5.280739187D+01   1.810508374D+02  -2.194931172D+02   1.907940058D+02  -1.283571463D+02   6.784089243D+01  -2.775028530D+01   8.393772695D+00  -1.696510879D+00   1.747328842D-01
  -5.629102399D-01   4.886017508D+01  -5.808061318D+01   4.976939035D+01  -3.306301834D+01   1.727395601D+01  -6.990411738D+00   2.093286556D+00  -4.190968529D-01   4.277642479D-02
  -6.975232869D+02   1.788307480D+03  -2.130043262D+03   1.813321139D+03  -1.193369188D+03   6.167929263D+02  -2.467316879D+02   7.299396299D+01  -1.442921888D+01   1.452348882D+00
  -4.782283146D+01   1.520962841D+02  -1.720076147D+02   1.399540832D+02  -8.845452091D+01   4.408689398D+01  -1.707016953D+01   4.905421567D+00  -9.453015929D-01   9.315850798D-02
  -3.689556270D+01   1.340421789D+02  -1.579486106D+02   1.331899882D+02  -8.684720317D+01   4.449155837D+01  -1.765164959D+01   5.183696443D+00  -1.018389199D+00   1.020841304D-01
  -3.471010223D+01   1.332807169D+02  -1.611337465D+02   1.397829687D+02  -9.387436786D+01   4.953726804D+01  -2.023412667D+01   6.112313751D+00  -1.233912450D+00   1.269468876D-01
   1.205229324D+00   4.300453568D+01  -5.094550596D+01   4.354918198D+01  -2.886910986D+01   1.505328960D+01  -6.080627924D+00   1.817724780D+00  -3.633353051D-01   3.702739084D-02
  -5.710417074D+02   1.472304941D+03  -1.755930807D+03   1.497137989D+03  -9.869926892D+02   5.110720817D+02  -2.048333451D+02   6.071744165D+01  -1.202637348D+01   1.212956342D+00
  -3.531740669D+01   1.217531955D+02  -1.377220302D+02   1.119921135D+02  -7.071143196D+01   3.520426157D+01  -1.361576318D+01   3.908598053D+00  -7.524616979D-01   7.408597133D-02
  -2.646977538D+01   1.070414319D+02  -1.262950443D+02   1.067249256D+02  -6.974632051D+01   3.580684930D+01  -1.423350135D+01   4.187044809D+00  -8.238127900D-01   8.268617136D-02
  -2.322914178D+01   1.026236190D+02  -1.237015898D+02   1.070818159D+02  -7.178007128D+01   3.781494222D+01  -1.542248488D+01   4.652314410D+00  -9.379696717D-01   9.638451390D-02
   2.326148015D+00   3.892565696D+01  -4.597804477D+01   3.922125076D+01  -2.595288073D+01   1.351014148D+01  -5.448821904D+00   1.626480505D+00  -3.246601559D-01   3.304244014D-02
  -4.688302531D+02   1.215268889D+03  -1.449593743D+03   1.236281948D+03  -8.153454652D+02   4.224020445D+02  -1.693909550D+02   5.024178867D+01  -9.957595668D+00   1.004921822D+00
  -2.695238268D+01   1.012269226D+02  -1.145599159D+02   9.318248912D+01  -5.883586432D+01   2.928911989D+01  -1.132659035D+01   3.251044393D+00  -6.257915544D-01   6.160559453D-02
  -1.911590446D+01   8.779489281D+01  -1.035581696D+02   8.757701330D+01  -5.729489735D+01   2.944998137D+01  -1.172104778D+01   3.452132104D+00  -6.800043041D-01   6.832719678D-02
  -1.703355124D+01   8.581810166D+01  -1.031808604D+02   8.915169568D+01  -5.966261914D+01   3.138378572D+01  -1.278165190D+01   3.850642118D+00  -7.753885926D-01   7.958534087D-02
   2.861312906D+00   3.664127474D+01  -4.319684047D+01   3.679890777D+01  -2.432123181D+01   1.264704375D+01  -5.095570613D+00   1.519590272D+00  -3.030512052D-01   3.081667726D-02
  -3.679990812D+02   9.598104402D+02  -1.142625027D+03   9.725958256D+02  -6.402767191D+02   3.311609301D+02  -1.326091685D+02   3.928262933D+01  -7.777096962D+00   7.841323578D-01
  -2.073578986D+01   8.579267063D+01  -9.708719449D+01   7.896648539D+01  -4.984722790D+01   2.480575930D+01  -9.589329850D+00   2.751502557D+00  -5.294875641D-01   5.211286164D-02
  -1.372038766D+01   7.353130210D+01  -8.664041143D+01   7.326919057D+01  -4.795208359D+01   2.466151071D+01  -9.821738022D+00   2.894802725D+00  -5.706405231D-01   5.738085345D-02
  -1.306329021D+01   7.486808557D+01  -8.981337653D+01   7.747450230D+01  -5.177268674D+01   2.719711952D+01  -1.106275845D+01   3.328912919D+00  -6.695925171D-01   6.865461130D-02
   3.162925843D+00   3.510038630D+01  -4.132123303D+01   3.516570161D+01  -2.322140883D+01   1.206541686D+01  -4.857581788D+00   1.447595633D+00  -2.885004133D-01   2.931829061D-02
  -4.183733103D+02   1.084010308D+03  -1.301312486D+03   1.120738479D+03  -7.482835437D+02   3.937950843D+02  -1.609770791D+02   4.893553228D+01  -1.001410825D+01   1.044715866D+00
   2.358265183D+02  -5.785993093D+02   7.191148746D+02  -6.306548003D+02   4.211927392D+02  -2.170058976D+02   8.469945304D+01  -2.381100155D+01   4.320488155D+00  -3.798072846D-01
  -5.405802858D+01   1.780460976D+02  -2.100129578D+02   1.771581280D+02  -1.155524940D+02   5.921904885D+01  -2.350519806D+01   6.906245918D+00  -1.357563509D+00   1.361633130D-01
  -5.008849776D+01   1.739069879D+02  -2.107702147D+02   1.831747027D+02  -1.232108070D+02   6.511168269D+01  -2.663067075D+01   8.054276842D+00  -1.627747709D+00   1.676376981D-01
  -2.791128145D-01   4.796464717D+01  -5.698923824D+01   4.881779291D+01  -3.242129924D+01   1.693410583D+01  -6.851153919D+00   2.051099827D+00  -4.105586744D-01   4.189599026D-02
  -3.664232908D+02   9.661329625D+02  -1.196430938D+03   1.092828067D+03  -7.987333512D+02   4.778904991D+02  -2.324190921D+02   8.790312133D+01  -2.314051920D+01   3.175297819D+00
  -4.102749485D+01   1.345026416D+02  -1.502350009D+02   1.206083325D+02  -7.512317058D+01   3.685778531D+01  -1.403273389D+01   3.960856518D+00  -7.488530438D-01   7.231031538D-02
  -3.669919573D+01   1.335359555D+02  -1.573229830D+02   1.326400918D+02  -8.647537139D+01   4.429496657D+01  -1.757149887D+01   5.159597657D+00  -1.013556761D+00   1.015909280D-01
  -3.480881830D+01   1.335396465D+02  -1.614479801D+02   1.400554471D+02  -9.405691738D+01   4.963323906D+01  -2.027314119D+01   6.124033775D+00  -1.236263651D+00   1.271871217D-01
   1.188514204D+00   4.305416545D+01  -5.100592812D+01   4.360180531D+01  -2.890455364D+01   1.507203680D+01  -6.088300073D+00   1.820046035D+00  -3.638045130D-01   3.707571371D-02
  -2.625302662D+03   6.855834598D+03  -8.573998849D+03   7.750708626D+03  -5.462916135D+03   3.041463194D+03  -1.314779977D+03   4.207034436D+02  -8.983735765D+01   9.737144742D+00
  -3.520553083D+01   1.214397830D+02  -1.372959478D+02   1.115897038D+02  -7.042176176D+01   3.504187305D+01  -1.354571590D+01   3.886348820D+00  -7.477537396D-01   7.357918447D-02
  -2.660364323D+01   1.073913635D+02  -1.266982270D+02   1.070557655D+02  -6.995598734D+01   3.591126839D+01  -1.427381498D+01   4.198581444D+00  -8.260248759D-01   8.290292061D-02
  -2.343501263D+01   1.031759118D+02  -1.243754168D+02   1.076699732D+02  -7.217709591D+01   3.802539307D+01  -1.550878881D+01   4.678477882D+00  -9.432682903D-01   9.693122764D-02
   2.304770559D+00   3.900496374D+01  -4.607459876D+01   3.930534504D+01  -2.600952412D+01   1.354010361D+01  -5.461084587D+00   1.630190966D+00  -3.254102412D-01   3.311969792D-02
  -4.205086200D+02   1.088575882D+03  -1.289636614D+03   1.090683766D+03  -7.123516802D+02   3.650266923D+02  -1.446257703D+02   4.233501638D+01  -8.271299993D+00   8.218479040D-01
  -2.809638043D+01   1.040934471D+02  -1.178928601D+02   9.595278472D+01  -6.061774631D+01   3.019035913D+01  -1.167987815D+01   3.353632183D+00  -6.457367780D-01   6.358619094D-02
  -1.971922001D+01   8.937936647D+01  -1.054478202D+02   8.918482843D+01  -5.835142702D+01   2.999495147D+01  -1.193857754D+01   3.516360293D+00  -6.926840042D-01   6.960381532D-02
  -1.740584407D+01   8.684066369D+01  -1.044294694D+02   9.024271041D+01  -6.039999518D+01   3.177517795D+01  -1.294239157D+01   3.899445541D+00  -7.852879273D-01   8.060843958D-02
   2.832759117D+00   3.678205543D+01  -4.336821764D+01   3.694815127D+01  -2.442174499D+01   1.270020455D+01  -5.117325178D+00   1.526172008D+00  -3.043815762D-01   3.095368824D-02
  -4.232777791D+02   1.100302878D+03  -1.311515259D+03   1.117352049D+03  -7.360119252D+02   3.808090761D+02  -1.525116197D+02   4.517702427D+01  -8.942572124D+00   9.013907137D-01
  -2.350886730D+01   9.278042787D+01  -1.052216082D+02   8.573792150D+01  -5.421127550D+01   2.701830613D+01  -1.045900924D+01   3.004773664D+00  -5.788759815D-01   5.703198719D-02
  -1.518727780D+01   7.741919489D+01  -9.128307963D+01   7.722515298D+01  -5.055543759D+01   2.600621905D+01  -1.035917490D+01   3.053668144D+00  -6.020346004D-01   6.054442500D-02
  -1.392100745D+01   7.726461423D+01  -9.273860211D+01   8.002952205D+01  -5.349885059D+01   2.811299902D+01  -1.143875956D+01   3.443033612D+00  -6.927332236D-01   7.104546212D-02
   3.105639931D+00   3.544430666D+01  -4.173981612D+01   3.553014349D+01  -2.346679749D+01   1.219517041D+01  -4.910667066D+00   1.463652500D+00  -2.917452360D-01   2.965238747D-02
  -3.696876482D+02   9.655378012D+02  -1.151152257D+03   9.809282470D+02  -6.462697814D+02   3.344397763D+02  -1.339672537D+02   3.969216638D+01  -7.858684959D+00   7.923400813D-01
  -1.866454368D+01   8.067440162D+01  -9.151609046D+01   7.460027103D+01  -4.717787130D+01   2.351376002D+01  -9.102131343D+00   2.614884964D+00  -5.037647353D-01   4.963412238D-02
  -1.087320663D+01   6.595901208D+01  -7.763769734D+01   6.564669443D+01  -4.297379907D+01   2.211138748D+01  -8.811352740D+00   2.598757708D+00  -5.126511411D-01   5.158818327D-02
  -1.136095964D+01   7.007565971D+01  -8.395094108D+01   7.234123943D+01  -4.829541805D+01   2.534705593D+01  -1.030113934D+01   3.097116836D+00  -6.224625816D-01   6.377216041D-02
   3.216853892D+00   3.454282044D+01  -4.064221539D+01   3.457410861D+01  -2.282278339D+01   1.185447834D+01  -4.771216197D+00   1.421452504D+00  -2.832133274D-01   2.877350513D-02
  -3.652143741D+02   9.535642133D+02  -1.135972300D+03   9.673443527D+02  -6.369675761D+02   3.294795269D+02  -1.319348617D+02   3.908002585D+01  -7.736118735D+00   7.798983229D-01
  -1.934129879D+01   8.235217561D+01  -9.334385535D+01   7.603056533D+01  -4.805116844D+01   2.393611262D+01  -9.261321541D+00   2.659509048D+00  -5.121638678D-01   5.044316057D-02
  -1.184650215D+01   6.854017830D+01  -8.072198623D+01   6.826651461D+01  -4.468794740D+01   2.299015823D+01  -9.159543951D+00   2.700726813D+00  -5.326071265D-01   5.357932047D-02
  -1.170806794D+01   7.108770673D+01  -8.519757290D+01   7.344146874D+01  -4.904700574D+01   2.575039206D+01  -1.046861795D+01   3.148523814D+00  -6.330025748D-01   6.487305824D-02
   3.249479432D+00   3.457425712D+01  -4.068083043D+01   3.460807724D+01  -2.284590603D+01   1.186684173D+01  -4.776331039D+00   1.423016761D+00  -2.835328900D-01   2.880676289D-02
  -1.201366277D+03   3.058384964D+03  -3.649253680D+03   3.112272181D+03  -2.052251991D+03   1.062938456D+03  -4.261407428D+02   1.263602905D+02  -2.503761056D+01   2.526259810D+00
  -8.780978441D+01   2.494009528D+02  -2.830930179D+02   2.307906814D+02  -1.460163414D+02   7.281083445D+01  -2.819602340D+01   8.102332020D+00  -1.561145629D+00   1.538192149D-01
  -6.500552749D+01   2.060254068D+02  -2.433408739D+02   2.055150361D+02  -1.342115518D+02   6.886812162D+01  -2.737013783D+01   8.052164707D+00  -1.584832604D+00   1.591581061D-01
  -5.840026788D+01   1.957309222D+02  -2.374440251D+02   2.065010708D+02  -1.389867278D+02   7.348955399D+01  -3.007248825D+01   9.099453228D+00  -1.839757405D+00   1.895464390D-01
  -1.072210563D+00   5.048137661D+01  -6.005694725D+01   5.149318620D+01  -3.422589683D+01   1.789003900D+01  -7.242955059D+00   2.169821016D+00  -4.345925366D-01   4.437490275D-02
  -1.042721689D+03   2.658351134D+03  -3.170510523D+03   2.702923645D+03  -1.781716089D+03   9.225398088D+02  -3.697552096D+02   1.096147271D+02  -2.171495631D+01   2.190588276D+00
  -7.595508302D+01   2.207038417D+02  -2.503583431D+02   2.039953152D+02  -1.290040907D+02   6.430176441D+01  -2.489196215D+01   7.150594450D+00  -1.377370128D+00   1.356766212D-01
  -5.643339442D+01   1.841609335D+02  -2.174749885D+02   1.836542192D+02  -1.199175710D+02   6.151967212D+01  -2.444278312D+01   7.188680290D+00  -1.414413126D+00   1.419965070D-01
  -5.010497737D+01   1.739593203D+02  -2.108508749D+02   1.832629522D+02  -1.232838979D+02   6.515811084D+01  -2.665299955D+01   8.062070072D+00  -1.629537336D+00   1.678445609D-01
  -2.293554055D-01   4.783767814D+01  -5.683476424D+01   4.868336648D+01  -3.233083962D+01   1.688630515D+01  -6.831611374D+00   2.045193161D+00  -4.093659716D-01   4.177328632D-02
  -9.989198591D+02   2.548825588D+03  -3.040377890D+03   2.592330841D+03  -1.709010374D+03   8.849811482D+02  -3.547320324D+02   1.051689975D+02  -2.083563991D+01   2.102009590D+00
  -7.158246347D+01   2.102164578D+02  -2.385329652D+02   1.944072231D+02  -1.229660677D+02   6.130309404D+01  -2.373483348D+01   6.819120558D+00  -1.313679677D+00   1.294170536D-01
  -5.276014928D+01   1.747770866D+02  -2.064029264D+02   1.743231755D+02  -1.138336684D+02   5.840032492D+01  -2.320313970D+01   6.823791537D+00  -1.342527694D+00   1.347685468D-01
  -4.634368583D+01   1.640635774D+02  -1.987638247D+02   1.727006010D+02  -1.161461475D+02   6.137071904D+01  -2.509836382D+01   7.590372754D+00  -1.533936177D+00   1.579736230D-01
   1.514338224D-01   4.661812754D+01  -5.534861015D+01   4.738765059D+01  -3.145713000D+01   1.642363095D+01  -6.642039623D+00   1.987768682D+00  -3.977446732D-01   4.057501373D-02
  -8.488982597D+02   2.170898461D+03  -2.589141441D+03   2.207615777D+03  -1.455546839D+03   7.538558664D+02  -3.022314835D+02   8.962238234D+01  -1.775925755D+01   1.792003994D+00
  -5.966322612D+01   1.811377034D+02  -2.052235341D+02   1.670554084D+02  -1.055570617D+02   5.257803772D+01  -2.034130878D+01   5.840257626D+00  -1.124442443D+00   1.107161580D-01
  -4.480042820D+01   1.543801862D+02  -1.822567838D+02   1.539156437D+02  -1.004962513D+02   5.154856473D+01  -2.047572350D+01   6.019811744D+00  -1.183925699D+00   1.188005138D-01
  -3.922068825D+01   1.452632306D+02  -1.757927256D+02   1.526182606D+02  -1.025678969D+02   5.416165829D+01  -2.213732955D+01   6.691351253D+00  -1.351599330D+00   1.391333798D-01
   8.412789311D-01   4.433239132D+01  -5.256351125D+01   4.495974086D+01  -2.982018635D+01   1.555689790D+01  -6.286958329D+00   1.880222122D+00  -3.759825749D-01   3.833139208D-02
  -6.191063067D+02   1.591001467D+03  -1.894776865D+03   1.613485899D+03  -1.062599360D+03   5.497840373D+02  -2.202205945D+02   6.525257094D+01  -1.292146578D+01   1.303075056D+00
  -4.290367785D+01   1.403047048D+02  -1.587420246D+02   1.290676242D+02  -8.146756616D+01   4.054104296D+01  -1.567125617D+01   4.495940352D+00  -8.649894661D-01   8.511114675D-02
  -3.243823539D+01   1.225299194D+02  -1.446382701D+02   1.222162145D+02  -7.985110194D+01   4.098278429D+01  -1.628632608D+01   4.789668809D+00  -9.421672652D-01   9.454764628D-02
  -2.797284375D+01   1.153648236D+02  -1.392668860D+02   1.206890524D+02  -8.098087670D+01   4.270067769D+01  -1.742973958D+01   5.261951439D+00  -1.061663787D+00   1.091713729D-01
   1.907402754D+00   4.056695971D+01  -4.797681807D+01   4.096261554D+01  -2.712618701D+01   1.413097941D+01  -5.702998813D+00   1.703415415D+00  -3.402180445D-01   3.464541299D-02
  -4.274407401D+02   1.105566202D+03  -1.314102678D+03   1.118018851D+03  -7.360413772D+02   3.808406725D+02  -1.526025709D+02   4.524415175D+01  -8.966551300D+00   9.051165204D-01
  -2.915392011D+01   1.057449538D+02  -1.183441999D+02   9.566228372D+01  -6.016102703D+01   2.985866116D+01  -1.151724504D+01   3.298110339D+00  -6.334925172D-01   6.223937063D-02
  -2.544922391D+01   1.045155085D+02  -1.223191732D+02   1.025611378D+02  -6.654167704D+01   3.393888755D+01  -1.341268704D+01   3.925374663D+00  -7.688441788D-01   7.686146989D-02
  -3.212704679D+01   1.262768282D+02  -1.525088790D+02   1.321716583D+02  -8.867440715D+01   4.674596551D+01  -1.907458826D+01   5.756197172D+00  -1.160847961D+00   1.193092922D-01
   1.194198283D+00   4.269735559D+01  -5.057006144D+01   4.322073292D+01  -2.864682208D+01   1.493512843D+01  -6.032026366D+00   1.802945400D+00  -3.603327365D-01   3.671659743D-02
  -4.017558412D+02   1.043391468D+03  -1.242913429D+03   1.059325104D+03  -6.982502393D+02   3.615293848D+02  -1.448916386D+02   4.294885280D+01  -8.507182378D+00   8.580876499D-01
  -2.269318955D+01   8.989169844D+01  -1.003426273D+02   8.106208618D+01  -5.098388964D+01   2.531010717D+01  -9.764545190D+00   2.796425312D+00  -5.371315365D-01   5.277066323D-02
  -2.032704453D+01   9.121733807D+01  -1.063880965D+02   8.892598968D+01  -5.752063539D+01   2.925186041D+01  -1.152798455D+01   3.364850210D+00  -6.574139001D-01   6.556792318D-02
  -2.908943363D+01   1.181068690D+02  -1.425361520D+02   1.234623387D+02  -8.279225629D+01   4.362639125D+01  -1.779462714D+01   5.367976857D+00  -1.082187249D+00   1.111891228D-01
   1.478054036D+00   4.159054830D+01  -4.922205125D+01   4.204619261D+01  -2.785534501D+01   1.451628390D+01  -5.860529379D+00   1.751031047D+00  -3.498335420D-01   3.563473818D-02
  -5.477931813D+02   1.412195970D+03  -1.682849573D+03   1.433685490D+03  -9.443769178D+02   4.886047146D+02  -1.956761314D+02   5.796072791D+01  -1.147251358D+01   1.156351239D+00
  -3.460808405D+01   1.197107515D+02  -1.351220152D+02   1.099238036D+02  -6.950243326D+01   3.465869079D+01  -1.342540026D+01   3.859093970D+00  -7.437495092D-01   7.329257068D-02
  -2.674613362D+01   1.078322305D+02  -1.266060116D+02   1.064607274D+02  -6.924681319D+01   3.539605043D+01  -1.401478024D+01   4.108122544D+00  -8.057290996D-01   8.064225797D-02
  -2.927319538D+01   1.187258241D+02  -1.433279035D+02   1.241919234D+02  -8.331377982D+01   4.391929507D+01  -1.792178029D+01   5.408714237D+00  -1.090889557D+00   1.121345965D-01
   1.612206469D+00   4.137353847D+01  -4.895835740D+01   4.181703815D+01  -2.770136637D+01   1.443504120D+01  -5.827365070D+00   1.741022438D+00  -3.478155948D-01   3.542744467D-02
   2.130534206D+03  -5.593171149D+03   7.143912938D+03  -6.605986839D+03   4.768304475D+03  -2.719171512D+03   1.201638201D+03  -3.908956706D+02   8.395233306D+01  -8.988270267D+00
  -5.883855226D+01   1.788099291D+02  -2.020727735D+02   1.640497877D+02  -1.033613855D+02   5.132780184D+01  -1.979378603D+01   5.663825946D+00  -1.086593656D+00   1.065875972D-01
  -4.563873266D+01   1.565288229D+02  -1.847727875D+02   1.560187402D+02  -1.018561944D+02   5.224029185D+01  -2.074857269D+01   6.099576975D+00  -1.199543064D+00   1.203621154D-01
  -4.022762807D+01   1.479241492D+02  -1.790420999D+02   1.554571100D+02  -1.044859250D+02   5.517921132D+01  -2.255494873D+01   6.818046862D+00  -1.377274793D+00   1.417841996D-01
   7.385046106D-01   4.467329412D+01  -5.297882359D+01   4.532172339D+01  -3.006419462D+01   1.568607022D+01  -6.339866705D+00   1.896243724D+00  -3.792239077D-01   3.866549972D-02
  -5.810690191D+02   1.498019736D+03  -1.787349777D+03   1.524601812D+03  -1.005547234D+03   5.209102094D+02  -2.088676900D+02   6.194016111D+01  -1.227386359D+01   1.238455369D+00
  -3.544662119D+01   1.220531036D+02  -1.380380713D+02   1.122405033D+02  -7.086718161D+01   3.528268109D+01  -1.364680257D+01   3.917786168D+00  -7.542942645D-01   7.427342916D-02
  -2.669594310D+01   1.076313618D+02  -1.269802842D+02   1.072916186D+02  -7.010806555D+01   3.598818527D+01  -1.430391382D+01   4.207295159D+00  -8.277121089D-01   8.306959620D-02
  -2.351697383D+01   1.033967781D+02  -1.246453919D+02   1.079061472D+02  -7.233691020D+01   3.811032415D+01  -1.554371063D+01   4.689093100D+00  -9.454239123D-01   9.715425395D-02
   2.298256118D+00   3.903211073D+01  -4.610766036D+01   3.933415098D+01  -2.602893470D+01   1.355037531D+01  -5.465290286D+00   1.631464070D+00  -3.256677134D-01   3.314622840D-02
  -3.569335737D+02   9.309058794D+02  -1.107761722D+03   9.428411697D+02  -6.206149643D+02   3.209290584D+02  -1.284805982D+02   3.804945136D+01  -7.530868593D+00   7.590929699D-01
  -1.957364752D+01   8.262296210D+01  -9.275567026D+01   7.514173810D+01  -4.736099486D+01   2.356771273D+01  -9.118043473D+00   2.619539129D+00  -5.048309039D-01   4.976326658D-02
  -1.662932410D+01   8.132861467D+01  -9.551326868D+01   8.043478886D+01  -5.240620086D+01   2.683039504D+01  -1.063808226D+01   3.121950028D+00  -6.128829782D-01   6.138523847D-02
  -1.813697710D+01   8.868328439D+01  -1.066627916D+02   9.217683485D+01  -6.169422583D+01   3.245482667D+01  -1.321840002D+01   3.982280612D+00  -8.018914570D-01   8.230356134D-02
   2.668267441D+00   3.718063994D+01  -4.385311036D+01   3.737010407D+01  -2.470569558D+01   1.285025912D+01  -5.178678780D+00   1.544718433D+00  -3.081271870D-01   3.133910876D-02
  -9.804444379D+01   2.779648522D+02  -3.313497618D+02   2.823650205D+02  -1.860086011D+02   9.623765589D+01  -3.854163038D+01   1.141709057D+01  -2.260176967D+00   2.278613030D-01
   3.258951672D+00   2.290601191D+01  -2.571461383D+01   2.097429789D+01  -1.330324518D+01   6.652505534D+00  -2.583227445D+00   7.441600846D-01  -1.437035547D-01   1.418721979D-02
   5.305508859D+00   1.981622024D+01  -2.262142158D+01   1.880711530D+01  -1.216036287D+01   6.195556495D+00  -2.448871292D+00   7.172921606D-01  -1.406641599D-01   1.408235889D-02
  -1.090951614D+00   3.814997975D+01  -4.503673992D+01   3.840469929D+01  -2.540546963D+01   1.322216249D+01  -5.331706940D+00   1.591310429D+00  -3.176167201D-01   3.232616623D-02
   3.052708994D+00   2.933981790D+01  -3.431270129D+01   2.906621454D+01  -1.911625812D+01   9.895719570D+00  -3.970305858D+00   1.179338312D+00  -2.343140268D-01   2.374153121D-02
  -7.627850372D+01   2.222266568D+02  -2.649271056D+02   2.258302816D+02  -1.487974582D+02   7.698986504D+01  -3.083062006D+01   9.131041564D+00  -1.807099174D+00   1.821202719D-01
   4.887903066D+00   1.796247284D+01  -2.000776967D+01   1.626694986D+01  -1.029941546D+01   5.145090159D+00  -1.996690267D+00   5.750101610D-01  -1.110246066D-01   1.096095968D-02
   6.089617883D+00   1.682802229D+01  -1.906251711D+01   1.577862005D+01  -1.016816528D+01   5.166251869D+00  -2.037176444D+00   5.954583589D-01  -1.165543905D-01   1.164893296D-02
  -6.243200121D-01   3.591064836D+01  -4.231006736D+01   3.602951255D+01  -2.380531948D+01   1.237556842D+01  -4.985137383D+00   1.486416831D+00  -2.964053936D-01   3.014056716D-02
   2.800136995D+00   2.894054578D+01  -3.382715235D+01   2.864385845D+01  -1.883215164D+01   9.745643318D+00  -3.908967646D+00   1.160803640D+00  -2.305721733D-01   2.335663503D-02
  -5.852926583D+01   1.765320751D+02  -2.104728679D+02   1.795219297D+02  -1.183658687D+02   6.128212217D+01  -2.455299504D+01   7.274639429D+00  -1.440092533D+00   1.451565812D-01
   6.035842519D+00   1.416550125D+01  -1.561640885D+01   1.263599357D+01  -7.976302185D+00   3.976087128D+00  -1.540588435D+00   4.431254123D-01  -8.547940049D-02   8.432707937D-03
   6.567260793D+00   1.459172527D+01  -1.640177076D+01   1.351644268D+01  -8.681262412D+00   4.398573894D+00  -1.730325884D+00   5.047048259D-01  -9.860468325D-02   9.838128898D-03
  -3.575734265D-01   3.416403374D+01  -4.018384431D+01   3.417786256D+01  -2.255822141D+01   1.171595268D+01  -4.715188408D+00   1.404736660D+00  -2.798928764D-01   2.843960404D-02
   2.508032180D+00   2.862340451D+01  -3.344150372D+01   2.830842248D+01  -1.860652913D+01   9.626468924D+00  -3.860262867D+00   1.146087462D+00  -2.276014185D-01   2.305107696D-02
  -3.965989193D+01   1.275593603D+02  -1.519027873D+02   1.295485175D+02  -8.543562179D+01   4.424926852D+01  -1.773605205D+01   5.257050888D+00  -1.041082865D+00   1.049724976D-01
   6.899677966D+00   1.077271541D+01  -1.169047468D+01   9.386316427D+00  -5.894208780D+00   2.926717272D+00  -1.130485674D+00   3.243421250D-01  -6.243321214D-02   6.147987218D-03
   6.831611189D+00   1.259472839D+01  -1.402821915D+01   1.150035898D+01  -7.357272151D+00   3.715554114D+00  -1.457514382D+00   4.240727860D-01  -8.266669849D-02   8.231190356D-03
  -2.572880924D-01   3.253999005D+01  -3.820724755D+01   3.245692063D+01  -2.139944388D+01   1.110320736D+01  -4.464485293D+00   1.328899083D+00  -2.645653514D-01   2.686110062D-02
   2.090421030D+00   2.832380325D+01  -3.307720195D+01   2.799157136D+01  -1.839341966D+01   9.513910670D+00  -3.814264768D+00   1.132189941D+00  -2.247960921D-01   2.276255108D-02
  -5.794135644D+02   1.511269697D+03  -1.809556817D+03   1.553108843D+03  -1.032824674D+03   5.402551701D+02  -2.189271120D+02   6.563638936D+01  -1.314773191D+01   1.340373637D+00
  -3.200433528D+01   1.291027289D+02  -1.452769064D+02   1.175461098D+02  -7.386603206D+01   3.660942455D+01  -1.409944241D+01   4.031612502D+00  -7.733826607D-01   7.590762317D-02
  -2.531852569D+01   1.209337025D+02  -1.426837403D+02   1.205076476D+02  -7.869815936D+01   4.037269625D+01  -1.603677653D+01   4.714225518D+00  -9.269201377D-01   9.297380534D-02
  -2.148950778D+01   1.154077461D+02  -1.393164438D+02   1.207292591D+02  -8.100562805D+01   4.271237455D+01  -1.743388659D+01   5.262987111D+00  -1.061821468D+00   1.091809343D-01
   8.316146884D+00   4.080753344D+01  -4.828094037D+01   4.124163653D+01  -2.732691857D+01   1.424597387D+01  -5.754739010D+00   1.720926069D+00  -3.442659987D-01   3.513758608D-02
